Problem:
   0   0  15   0   0
   0  10   0   5   0
  17   0   0   0   8
   0   7   0  12   0
   0   0  21   0   0

Solution:
  24  14  15  19  18
  20  10   4   5  13
  17   6   1   3   8
  22   7   2  12  11
  16   9  21  25  23

  
Problem:
   0   0  10   0   0
  21   0   0   0  24
   0   0   1   0   0
  16   0   0   0  20
   0   0   9   0   0

Solution:
  23  12  10  15  22
  21   2   8   7  24
  19   3   1   6  18
  16   4   5  11  20
  17  13   9  14  25


Problem:
  17   0   0   0  23
   0   1   0   0   0
   0   0   4   0   0
   0   0   0   6   0
  22   0   0   0  25

Solution:
  17  16  21  14  23
  11   1   5   9  24
   8   3   4  13  15
  10   7   2   6  19
  22  12  18  20  25


Problem:
  18   0   0   0  25
   0   7   0   0   0
   0   0   3   0   0
   0   0   0   2   0
  14   0   0   0  23

Solution:
  18  16  24  17  25
  11   7   9   8  22
  12   4   3   5  10
  13   1   6   2  15
  14  19  20  21  23

