attacked=63
 1 2 2 1 1 1 1 1
 2 3 2 1 2 1 2 1
 3 1 3 3 1 1 1 3
 1 2 1 1 1 1 2 1
 1 1 2 1 1 2 1 1
 1 1 1 1 2 2 2 1
 1 1 1 1 1 1 1 1
 1 1 2 1 0 1 1 1
-figures-
 2 0 0 0 0 0 0 0
 0 0 3 0 0 0 0 0
 0 3 0 0 0 0 0 0
 0 0 0 0 0 1 0 0
 0 0 0 0 0 4 0 0
 0 0 0 0 0 0 0 1
 0 0 0 0 4 0 0 0
 0 0 0 0 0 0 0 0
---
attacked=63
 1 2 3 1 1 1 1 1
 2 3 1 2 1 1 1 1
 2 2 3 1 2 1 1 2
 1 1 3 1 1 1 1 1
 1 2 1 1 1 2 1 0
 1 1 1 1 2 2 1 1
 1 2 1 2 1 2 1 1
 1 1 3 1 1 1 1 1
-figures-
 2 0 0 0 0 0 0 0
 0 0 3 0 0 0 0 0
 0 3 0 0 0 0 0 0
 0 0 0 0 0 0 0 0
 0 0 0 0 0 0 4 0
 0 0 0 1 4 0 0 0
 0 0 0 0 0 0 0 0
 0 0 0 0 0 1 0 0
---
attacked=63
 1 2 3 1 1 1 1 1
 2 3 1 2 1 1 1 1
 2 2 3 1 2 1 1 1
 1 1 3 1 1 1 0 1
 1 2 1 1 1 1 1 1
 1 1 1 1 2 2 2 1
 1 2 1 1 1 2 1 1
 1 1 2 1 2 1 1 1
-figures-
 2 0 0 0 0 0 0 0
 0 0 3 0 0 0 0 0
 0 3 0 0 0 0 0 0
 0 0 0 0 0 0 0 0
 0 0 0 0 0 0 4 0
 0 0 0 1 0 0 0 0
 0 0 0 0 0 4 0 0
 0 0 0 0 0 1 0 0
---
attacked=63
 1 2 2 1 1 1 1 1
 2 3 2 1 2 1 2 1
 3 1 3 3 1 1 1 2
 1 2 1 1 1 1 1 1
 1 1 2 1 1 2 1 2
 1 1 1 1 1 2 2 1
 1 1 1 0 1 2 1 1
 1 1 1 1 1 1 1 1
-figures-
 2 0 0 0 0 0 0 0
 0 0 3 0 0 0 0 0
 0 3 0 0 0 0 0 0
 0 0 0 0 0 1 0 0
 0 0 0 0 0 0 0 0
 0 0 0 0 0 0 4 1
 0 0 0 0 4 0 0 0
 0 0 0 0 0 0 0 0
---
attacked=63
 1 3 1 2 1 2 1 3
 2 3 3 1 1 1 3 2
 2 1 1 1 1 2 1 2
 1 2 1 1 2 1 1 1
 1 1 1 2 2 2 1 1
 1 1 1 1 1 1 1 1
 1 2 1 0 1 1 1 3
 3 2 1 1 1 2 1 3
-figures-
 2 0 0 0 0 0 0 0
 0 0 0 0 0 0 0 3
 0 0 0 0 1 0 0 0
 0 0 0 0 4 0 0 0
 0 0 0 0 0 0 1 0
 0 0 0 4 0 0 0 0
 0 0 0 0 0 0 0 0
 0 3 0 0 0 0 0 0
---
attacked=63
 1 2 2 1 1 1 1 3
 3 3 1 2 1 1 2 2
 1 3 1 1 1 1 1 1
 2 1 1 1 2 1 0 1
 1 1 1 2 2 1 1 1
 2 1 2 1 2 1 1 2
 1 3 1 1 1 1 1 1
 3 2 2 1 1 1 3 3
-figures-
 2 0 0 0 0 0 0 0
 0 0 0 0 0 0 0 3
 0 0 0 0 0 0 0 0
 0 0 0 0 0 4 0 0
 0 0 1 4 0 0 0 0
 0 0 0 0 0 0 0 0
 0 0 0 0 1 0 0 0
 0 3 0 0 0 0 0 0
---
attacked=63
 1 2 2 1 1 1 1 2
 3 3 1 2 1 1 1 2
 1 3 1 1 1 0 1 2
 2 1 1 1 1 1 1 1
 1 1 1 2 2 2 1 1
 2 1 1 1 2 1 1 2
 1 2 1 2 1 1 1 1
 2 2 3 1 1 1 3 3
-figures-
 2 0 0 0 0 0 0 0
 0 0 0 0 0 0 0 3
 0 0 0 0 0 0 0 0
 0 0 0 0 0 4 0 0
 0 0 1 0 0 0 0 0
 0 0 0 0 4 0 0 0
 0 0 0 0 1 0 0 0
 0 3 0 0 0 0 0 0
---
attacked=63
 1 3 1 2 1 2 1 2
 2 3 3 1 1 1 2 2
 2 1 1 1 1 1 1 3
 1 2 1 1 2 1 2 1
 1 1 1 1 2 2 1 1
 1 1 0 1 2 1 1 1
 1 1 1 1 1 1 1 3
 2 2 2 1 1 2 1 3
-figures-
 2 0 0 0 0 0 0 0
 0 0 0 0 0 0 0 3
 0 0 0 0 1 0 0 0
 0 0 0 0 0 0 0 0
 0 0 0 0 0 4 1 0
 0 0 0 4 0 0 0 0
 0 0 0 0 0 0 0 0
 0 3 0 0 0 0 0 0
---
attacked=63
 1 3 1 1 1 3 3 2
 1 1 1 1 2 1 2 1
 2 1 1 2 1 1 1 2
 1 1 2 2 2 1 1 1
 1 1 1 1 1 1 1 2
 2 1 0 1 1 1 3 1
 3 1 1 1 2 1 2 3
 2 1 1 1 1 2 2 1
-figures-
 2 0 0 0 0 0 0 0
 0 0 0 1 0 0 0 0
 0 0 0 4 0 0 0 0
 0 0 0 0 0 1 0 0
 0 0 4 0 0 0 0 0
 0 0 0 0 0 0 0 0
 0 0 0 0 0 0 3 0
 0 0 0 0 0 0 0 3
---
attacked=63
 1 1 2 1 1 2 3 2
 3 1 1 1 1 1 1 1
 1 1 1 2 1 0 1 1
 1 1 2 2 1 1 1 1
 1 2 1 2 1 1 2 1
 3 1 1 1 1 1 1 2
 3 2 1 1 1 3 2 2
 2 1 2 1 2 1 3 1
-figures-
 2 0 0 0 0 0 0 0
 0 0 0 0 0 0 0 0
 0 0 0 0 4 0 0 0
 0 1 4 0 0 0 0 0
 0 0 0 0 0 0 0 0
 0 0 0 1 0 0 0 0
 0 0 0 0 0 0 3 0
 0 0 0 0 0 0 0 3
---
attacked=63
 1 1 2 1 1 1 3 3
 3 1 1 1 0 1 2 1
 1 1 1 1 1 1 1 1
 1 1 2 2 2 1 1 1
 1 1 1 2 1 1 2 1
 2 1 2 1 1 1 1 2
 3 3 1 1 1 3 2 2
 3 1 2 1 2 1 3 1
-figures-
 2 0 0 0 0 0 0 0
 0 0 0 0 0 0 0 0
 0 0 0 0 4 0 0 0
 0 1 0 0 0 0 0 0
 0 0 0 4 0 0 0 0
 0 0 0 1 0 0 0 0
 0 0 0 0 0 0 3 0
 0 0 0 0 0 0 0 3
---
attacked=63
 1 3 1 1 1 2 3 3
 1 1 1 1 1 1 3 1
 2 1 1 2 1 2 1 2
 1 1 1 2 2 1 1 1
 1 0 1 2 1 1 1 2
 1 1 1 1 1 1 3 1
 3 2 1 1 2 1 2 3
 3 1 1 1 1 2 2 1
-figures-
 2 0 0 0 0 0 0 0
 0 0 0 1 0 0 0 0
 0 0 0 0 0 0 0 0
 0 0 0 0 4 1 0 0
 0 0 4 0 0 0 0 0
 0 0 0 0 0 0 0 0
 0 0 0 0 0 0 3 0
 0 0 0 0 0 0 0 3
---
attacked=63
 1 3 1 1 1 3 3 2
 1 1 1 1 2 1 2 1
 2 1 1 2 1 1 1 2
 1 1 2 2 2 1 1 1
 1 1 1 1 1 1 1 2
 2 1 0 1 1 1 3 1
 3 1 1 1 2 1 3 2
 2 1 1 1 1 2 1 3
-figures-
 2 0 0 0 0 0 0 0
 0 0 0 1 0 0 0 0
 0 0 0 4 0 0 0 0
 0 0 0 0 0 1 0 0
 0 0 4 0 0 0 0 0
 0 0 0 0 0 0 0 0
 0 0 0 0 0 0 0 3
 0 0 0 0 0 0 3 0
---
attacked=63
 1 1 2 1 1 2 3 2
 3 1 1 1 1 1 1 1
 1 1 1 2 1 0 1 1
 1 1 2 2 1 1 1 1
 1 2 1 2 1 1 2 1
 3 1 1 1 1 1 1 2
 3 2 1 1 1 3 3 1
 2 1 2 1 2 1 2 3
-figures-
 2 0 0 0 0 0 0 0
 0 0 0 0 0 0 0 0
 0 0 0 0 4 0 0 0
 0 1 4 0 0 0 0 0
 0 0 0 0 0 0 0 0
 0 0 0 1 0 0 0 0
 0 0 0 0 0 0 0 3
 0 0 0 0 0 0 3 0
---
attacked=63
 1 1 2 1 1 1 3 3
 3 1 1 1 0 1 2 1
 1 1 1 1 1 1 1 1
 1 1 2 2 2 1 1 1
 1 1 1 2 1 1 2 1
 2 1 2 1 1 1 1 2
 3 3 1 1 1 3 3 1
 3 1 2 1 2 1 2 3
-figures-
 2 0 0 0 0 0 0 0
 0 0 0 0 0 0 0 0
 0 0 0 0 4 0 0 0
 0 1 0 0 0 0 0 0
 0 0 0 4 0 0 0 0
 0 0 0 1 0 0 0 0
 0 0 0 0 0 0 0 3
 0 0 0 0 0 0 3 0
---
attacked=63
 1 3 1 1 1 2 3 3
 1 1 1 1 1 1 3 1
 2 1 1 2 1 2 1 2
 1 1 1 2 2 1 1 1
 1 0 1 2 1 1 1 2
 1 1 1 1 1 1 3 1
 3 2 1 1 2 1 3 2
 3 1 1 1 1 2 1 3
-figures-
 2 0 0 0 0 0 0 0
 0 0 0 1 0 0 0 0
 0 0 0 0 0 0 0 0
 0 0 0 0 4 1 0 0
 0 0 4 0 0 0 0 0
 0 0 0 0 0 0 0 0
 0 0 0 0 0 0 0 3
 0 0 0 0 0 0 3 0
---
attacked=63
 2 1 3 1 2 1 2 1
 3 2 3 3 1 1 1 3
 1 2 1 1 1 1 2 1
 1 1 2 1 1 2 1 1
 1 1 1 1 2 2 2 1
 1 1 1 1 1 1 1 1
 1 1 2 1 0 1 1 1
 2 3 2 1 1 1 2 1
-figures-
 0 2 0 0 0 0 0 0
 3 0 0 0 0 0 0 0
 0 0 0 0 0 1 0 0
 0 0 0 0 0 4 0 0
 0 0 0 0 0 0 0 1
 0 0 0 0 4 0 0 0
 0 0 0 0 0 0 0 0
 0 0 3 0 0 0 0 0
---
attacked=63
 3 1 2 2 1 1 1 1
 2 3 3 1 2 1 1 2
 1 1 3 1 1 1 1 1
 1 2 1 1 1 2 1 0
 1 1 1 1 2 2 1 1
 1 2 1 2 1 2 1 1
 1 1 3 1 1 1 1 1
 2 3 2 2 1 1 1 3
-figures-
 0 2 0 0 0 0 0 0
 3 0 0 0 0 0 0 0
 0 0 0 0 0 0 0 0
 0 0 0 0 0 0 4 0
 0 0 0 1 4 0 0 0
 0 0 0 0 0 0 0 0
 0 0 0 0 0 1 0 0
 0 0 3 0 0 0 0 0
---
attacked=63
 3 1 2 2 1 1 1 1
 2 3 3 1 2 1 1 1
 1 1 3 1 1 1 0 1
 1 2 1 1 1 1 1 1
 1 1 1 1 2 2 2 1
 1 2 1 1 1 2 1 1
 1 1 2 1 2 1 1 1
 2 2 2 3 1 1 1 3
-figures-
 0 2 0 0 0 0 0 0
 3 0 0 0 0 0 0 0
 0 0 0 0 0 0 0 0
 0 0 0 0 0 0 4 0
 0 0 0 1 0 0 0 0
 0 0 0 0 0 4 0 0
 0 0 0 0 0 1 0 0
 0 0 3 0 0 0 0 0
---
attacked=63
 2 1 3 1 2 1 2 1
 3 2 3 3 1 1 1 2
 1 2 1 1 1 1 1 1
 1 1 2 1 1 2 1 2
 1 1 1 1 1 2 2 1
 1 1 1 0 1 2 1 1
 1 1 1 1 1 1 1 1
 2 2 2 2 1 1 2 1
-figures-
 0 2 0 0 0 0 0 0
 3 0 0 0 0 0 0 0
 0 0 0 0 0 1 0 0
 0 0 0 0 0 0 0 0
 0 0 0 0 0 0 4 1
 0 0 0 0 4 0 0 0
 0 0 0 0 0 0 0 0
 0 0 3 0 0 0 0 0
---
attacked=63
 2 1 3 1 1 1 3 3
 3 1 1 1 1 2 1 2
 1 2 1 1 2 1 1 1
 1 1 1 2 2 2 1 1
 1 1 1 1 1 1 1 1
 1 2 1 0 1 1 1 3
 2 3 1 1 1 2 1 3
 3 2 1 1 1 1 2 1
-figures-
 0 2 0 0 0 0 0 0
 0 0 0 0 1 0 0 0
 0 0 0 0 4 0 0 0
 0 0 0 0 0 0 1 0
 0 0 0 4 0 0 0 0
 0 0 0 0 0 0 0 0
 3 0 0 0 0 0 0 0
 0 0 0 0 0 0 0 3
---
attacked=63
 3 1 1 2 1 1 2 3
 2 3 1 1 1 1 1 1
 2 1 1 1 2 1 0 1
 1 1 1 2 2 1 1 1
 2 1 2 1 2 1 1 2
 1 3 1 1 1 1 1 1
 2 3 2 1 1 1 3 3
 3 2 1 2 1 2 1 2
-figures-
 0 2 0 0 0 0 0 0
 0 0 0 0 0 0 0 0
 0 0 0 0 0 4 0 0
 0 0 1 4 0 0 0 0
 0 0 0 0 0 0 0 0
 0 0 0 0 1 0 0 0
 3 0 0 0 0 0 0 0
 0 0 0 0 0 0 0 3
---
attacked=63
 3 1 1 2 1 1 1 3
 2 3 1 1 1 0 1 2
 2 1 1 1 1 1 1 1
 1 1 1 2 2 2 1 1
 2 1 1 1 2 1 1 2
 1 2 1 2 1 1 1 1
 1 3 3 1 1 1 3 3
 3 3 1 2 1 2 1 2
-figures-
 0 2 0 0 0 0 0 0
 0 0 0 0 0 0 0 0
 0 0 0 0 0 4 0 0
 0 0 1 0 0 0 0 0
 0 0 0 0 4 0 0 0
 0 0 0 0 1 0 0 0
 3 0 0 0 0 0 0 0
 0 0 0 0 0 0 0 3
---
attacked=63
 2 1 3 1 1 1 2 3
 3 1 1 1 1 1 1 3
 1 2 1 1 2 1 2 1
 1 1 1 1 2 2 1 1
 1 1 0 1 2 1 1 1
 1 1 1 1 1 1 1 3
 1 3 2 1 1 2 1 3
 3 3 1 1 1 1 2 1
-figures-
 0 2 0 0 0 0 0 0
 0 0 0 0 1 0 0 0
 0 0 0 0 0 0 0 0
 0 0 0 0 0 4 1 0
 0 0 0 4 0 0 0 0
 0 0 0 0 0 0 0 0
 3 0 0 0 0 0 0 0
 0 0 0 0 0 0 0 3
---
attacked=63
 2 1 1 2 1 1 3 3
 1 3 1 1 1 1 2 1
 1 2 1 2 2 1 1 1
 1 1 1 1 3 0 2 1
 1 1 2 1 2 1 1 2
 1 2 1 1 1 1 2 1
 1 4 1 2 1 1 2 3
 2 2 1 1 1 1 2 1
-figures-
 0 2 0 0 0 0 0 0
 0 0 0 0 0 0 0 0
 0 0 0 0 0 4 0 0
 0 0 1 4 0 0 0 0
 0 0 1 0 0 0 0 0
 0 0 0 0 0 0 0 0
 0 0 0 0 0 0 3 0
 0 0 0 0 0 0 0 3
---
attacked=63
 2 1 1 2 1 1 2 3
 1 3 1 1 1 0 2 2
 1 2 1 2 1 1 2 1
 1 1 1 1 3 1 2 1
 1 1 1 1 2 1 1 2
 1 2 1 2 1 1 2 1
 1 4 2 2 1 1 2 3
 2 3 1 1 1 1 2 1
-figures-
 0 2 0 0 0 0 0 0
 0 0 0 0 0 0 0 0
 0 0 0 0 0 4 0 0
 0 0 1 0 0 0 0 0
 0 0 1 0 4 0 0 0
 0 0 0 0 0 0 0 0
 0 0 0 0 0 0 3 0
 0 0 0 0 0 0 0 3
---
attacked=63
 2 1 1 1 1 1 3 2
 1 3 1 1 1 1 2 1
 1 1 1 2 2 0 1 2
 1 1 2 1 1 1 1 1
 1 2 1 1 2 1 1 2
 1 2 1 1 1 1 3 1
 2 1 1 2 1 1 2 3
 1 1 1 1 2 1 2 1
-figures-
 0 2 0 0 0 0 0 0
 0 0 0 0 0 0 0 0
 0 0 0 0 0 0 0 0
 0 0 1 4 0 1 0 0
 0 4 0 0 0 0 0 0
 0 0 0 0 0 0 0 0
 0 0 0 0 0 0 3 0
 0 0 0 0 0 0 0 3
---
attacked=63
 2 1 1 1 1 1 3 3
 1 3 1 1 1 1 3 1
 1 1 1 2 2 1 1 2
 1 1 1 1 2 1 1 1
 1 2 1 2 2 1 1 2
 0 3 1 1 1 1 3 1
 2 3 1 2 1 1 2 3
 2 2 1 1 2 1 2 1
-figures-
 0 2 0 0 0 0 0 0
 0 0 0 0 0 0 0 0
 0 0 0 0 0 0 0 0
 0 0 1 4 0 1 0 0
 0 0 0 0 0 0 0 0
 0 0 4 0 0 0 0 0
 0 0 0 0 0 0 3 0
 0 0 0 0 0 0 0 3
---
attacked=63
 2 1 1 1 1 1 3 3
 1 3 1 1 1 1 3 1
 1 1 1 2 2 1 1 2
 0 1 1 1 2 1 1 1
 1 1 1 2 2 1 1 2
 1 3 1 1 1 1 3 1
 1 3 1 1 1 1 2 3
 2 1 2 1 1 1 2 1
-figures-
 0 2 0 0 0 0 0 0
 0 0 0 0 0 0 0 0
 0 0 0 0 0 0 0 0
 0 0 1 4 0 1 0 0
 0 0 0 0 0 0 0 0
 0 0 0 0 0 0 0 0
 0 4 0 0 0 0 3 0
 0 0 0 0 0 0 0 3
---
attacked=63
 2 1 3 1 1 1 3 3
 3 1 1 1 1 2 1 2
 1 2 1 1 2 1 1 1
 1 1 1 2 2 2 1 1
 1 1 1 1 1 1 1 1
 1 2 1 0 1 1 1 3
 3 3 1 1 1 2 1 2
 2 2 1 1 1 1 2 2
-figures-
 0 2 0 0 0 0 0 0
 0 0 0 0 1 0 0 0
 0 0 0 0 4 0 0 0
 0 0 0 0 0 0 1 0
 0 0 0 4 0 0 0 0
 0 0 0 0 0 0 0 0
 0 0 0 0 0 0 0 3
 3 0 0 0 0 0 0 0
---
attacked=63
 3 1 1 2 1 1 2 3
 2 3 1 1 1 1 1 1
 2 1 1 1 2 1 0 1
 1 1 1 2 2 1 1 1
 2 1 2 1 2 1 1 2
 1 3 1 1 1 1 1 1
 3 3 2 1 1 1 3 2
 2 2 1 2 1 2 1 3
-figures-
 0 2 0 0 0 0 0 0
 0 0 0 0 0 0 0 0
 0 0 0 0 0 4 0 0
 0 0 1 4 0 0 0 0
 0 0 0 0 0 0 0 0
 0 0 0 0 1 0 0 0
 0 0 0 0 0 0 0 3
 3 0 0 0 0 0 0 0
---
attacked=63
 3 1 1 2 1 1 1 3
 2 3 1 1 1 0 1 2
 2 1 1 1 1 1 1 1
 1 1 1 2 2 2 1 1
 2 1 1 1 2 1 1 2
 1 2 1 2 1 1 1 1
 2 3 3 1 1 1 3 2
 2 3 1 2 1 2 1 3
-figures-
 0 2 0 0 0 0 0 0
 0 0 0 0 0 0 0 0
 0 0 0 0 0 4 0 0
 0 0 1 0 0 0 0 0
 0 0 0 0 4 0 0 0
 0 0 0 0 1 0 0 0
 0 0 0 0 0 0 0 3
 3 0 0 0 0 0 0 0
---
attacked=63
 2 1 3 1 1 1 2 3
 3 1 1 1 1 1 1 3
 1 2 1 1 2 1 2 1
 1 1 1 1 2 2 1 1
 1 1 0 1 2 1 1 1
 1 1 1 1 1 1 1 3
 2 3 2 1 1 2 1 2
 2 3 1 1 1 1 2 2
-figures-
 0 2 0 0 0 0 0 0
 0 0 0 0 1 0 0 0
 0 0 0 0 0 0 0 0
 0 0 0 0 0 4 1 0
 0 0 0 4 0 0 0 0
 0 0 0 0 0 0 0 0
 0 0 0 0 0 0 0 3
 3 0 0 0 0 0 0 0
---
attacked=63
 2 1 1 2 1 1 3 3
 1 3 1 1 1 1 2 1
 1 2 1 2 2 1 1 1
 1 1 1 1 3 0 2 1
 1 1 2 1 2 1 1 2
 1 2 1 1 1 1 2 1
 1 4 1 2 1 1 3 2
 2 2 1 1 1 1 1 3
-figures-
 0 2 0 0 0 0 0 0
 0 0 0 0 0 0 0 0
 0 0 0 0 0 4 0 0
 0 0 1 4 0 0 0 0
 0 0 1 0 0 0 0 0
 0 0 0 0 0 0 0 0
 0 0 0 0 0 0 0 3
 0 0 0 0 0 0 3 0
---
attacked=63
 2 1 1 2 1 1 2 3
 1 3 1 1 1 0 2 2
 1 2 1 2 1 1 2 1
 1 1 1 1 3 1 2 1
 1 1 1 1 2 1 1 2
 1 2 1 2 1 1 2 1
 1 4 2 2 1 1 3 2
 2 3 1 1 1 1 1 3
-figures-
 0 2 0 0 0 0 0 0
 0 0 0 0 0 0 0 0
 0 0 0 0 0 4 0 0
 0 0 1 0 0 0 0 0
 0 0 1 0 4 0 0 0
 0 0 0 0 0 0 0 0
 0 0 0 0 0 0 0 3
 0 0 0 0 0 0 3 0
---
attacked=63
 2 1 1 1 1 1 3 2
 1 3 1 1 1 1 2 1
 1 1 1 2 2 0 1 2
 1 1 2 1 1 1 1 1
 1 2 1 1 2 1 1 2
 1 2 1 1 1 1 3 1
 2 1 1 2 1 1 3 2
 1 1 1 1 2 1 1 3
-figures-
 0 2 0 0 0 0 0 0
 0 0 0 0 0 0 0 0
 0 0 0 0 0 0 0 0
 0 0 1 4 0 1 0 0
 0 4 0 0 0 0 0 0
 0 0 0 0 0 0 0 0
 0 0 0 0 0 0 0 3
 0 0 0 0 0 0 3 0
---
attacked=63
 2 1 1 1 1 1 3 3
 1 3 1 1 1 1 3 1
 1 1 1 2 2 1 1 2
 1 1 1 1 2 1 1 1
 1 2 1 2 2 1 1 2
 0 3 1 1 1 1 3 1
 2 3 1 2 1 1 3 2
 2 2 1 1 2 1 1 3
-figures-
 0 2 0 0 0 0 0 0
 0 0 0 0 0 0 0 0
 0 0 0 0 0 0 0 0
 0 0 1 4 0 1 0 0
 0 0 0 0 0 0 0 0
 0 0 4 0 0 0 0 0
 0 0 0 0 0 0 0 3
 0 0 0 0 0 0 3 0
---
attacked=63
 2 1 1 1 1 1 3 3
 1 3 1 1 1 1 3 1
 1 1 1 2 2 1 1 2
 0 1 1 1 2 1 1 1
 1 1 1 2 2 1 1 2
 1 3 1 1 1 1 3 1
 1 3 1 1 1 1 3 2
 2 1 2 1 1 1 1 3
-figures-
 0 2 0 0 0 0 0 0
 0 0 0 0 0 0 0 0
 0 0 0 0 0 0 0 0
 0 0 1 4 0 1 0 0
 0 0 0 0 0 0 0 0
 0 0 0 0 0 0 0 0
 0 4 0 0 0 0 0 3
 0 0 0 0 0 0 3 0
---
attacked=63
 3 2 1 3 1 1 1 3
 1 3 1 1 1 1 2 1
 2 1 2 1 1 2 1 1
 1 1 1 1 2 2 2 1
 1 1 1 1 1 1 1 1
 1 1 2 1 0 1 1 1
 1 3 3 1 1 1 2 1
 3 2 2 1 1 1 1 2
-figures-
 0 0 2 0 0 0 0 0
 0 0 0 0 0 1 0 0
 0 0 0 0 0 4 0 0
 0 0 0 0 0 0 0 1
 0 0 0 0 4 0 0 0
 0 0 0 0 0 0 0 0
 3 0 0 0 0 0 0 0
 0 3 0 0 0 0 0 0
---
attacked=63
 2 3 1 1 2 1 1 2
 1 2 3 1 1 1 1 1
 2 2 1 1 1 2 1 0
 1 1 1 1 2 2 1 1
 1 2 1 2 1 2 1 1
 1 1 3 1 1 1 1 1
 1 3 3 2 1 1 1 3
 3 2 2 1 2 1 2 1
-figures-
 0 0 2 0 0 0 0 0
 0 0 0 0 0 0 0 0
 0 0 0 0 0 0 4 0
 0 0 0 1 4 0 0 0
 0 0 0 0 0 0 0 0
 0 0 0 0 0 1 0 0
 3 0 0 0 0 0 0 0
 0 3 0 0 0 0 0 0
---
attacked=63
 2 3 1 1 2 1 1 1
 1 2 3 1 1 1 0 1
 2 2 1 1 1 1 1 1
 1 1 1 1 2 2 2 1
 1 2 1 1 1 2 1 1
 1 1 2 1 2 1 1 1
 1 2 3 3 1 1 1 3
 2 2 3 1 2 1 2 1
-figures-
 0 0 2 0 0 0 0 0
 0 0 0 0 0 0 0 0
 0 0 0 0 0 0 4 0
 0 0 0 1 0 0 0 0
 0 0 0 0 0 4 0 0
 0 0 0 0 0 1 0 0
 3 0 0 0 0 0 0 0
 0 3 0 0 0 0 0 0
---
attacked=63
 3 2 1 3 1 1 1 2
 1 3 1 1 1 1 1 1
 2 1 2 1 1 2 1 2
 1 1 1 1 1 2 2 1
 1 1 1 0 1 2 1 1
 1 1 1 1 1 1 1 1
 1 2 3 2 1 1 2 1
 2 2 3 1 1 1 1 2
-figures-
 0 0 2 0 0 0 0 0
 0 0 0 0 0 1 0 0
 0 0 0 0 0 0 0 0
 0 0 0 0 0 0 4 1
 0 0 0 0 4 0 0 0
 0 0 0 0 0 0 0 0
 3 0 0 0 0 0 0 0
 0 3 0 0 0 0 0 0
---
attacked=63
 2 2 1 1 2 1 1 3
 1 1 3 1 1 1 1 2
 2 1 2 1 2 2 1 1
 1 1 1 1 1 3 0 2
 1 1 1 2 1 2 1 1
 1 1 2 1 1 1 1 2
 1 1 4 1 2 1 1 3
 2 2 2 1 1 1 1 1
-figures-
 0 0 2 0 0 0 0 0
 0 0 0 0 0 0 0 0
 0 0 0 0 0 0 4 0
 0 0 0 1 4 0 0 0
 0 0 0 1 0 0 0 0
 0 0 0 0 0 0 0 0
 3 0 0 0 0 0 0 0
 0 0 0 0 0 0 0 3
---
attacked=63
 2 2 1 1 2 1 1 2
 1 1 3 1 1 1 0 2
 2 1 2 1 2 1 1 2
 1 1 1 1 1 3 1 2
 1 1 1 1 1 2 1 1
 1 1 2 1 2 1 1 2
 1 1 4 2 2 1 1 3
 2 2 3 1 1 1 1 1
-figures-
 0 0 2 0 0 0 0 0
 0 0 0 0 0 0 0 0
 0 0 0 0 0 0 4 0
 0 0 0 1 0 0 0 0
 0 0 0 1 0 4 0 0
 0 0 0 0 0 0 0 0
 3 0 0 0 0 0 0 0
 0 0 0 0 0 0 0 3
---
attacked=63
 2 2 1 1 1 1 1 3
 1 1 3 1 1 1 1 2
 3 1 1 1 2 2 0 1
 1 1 1 2 1 1 1 1
 1 1 2 1 1 2 1 1
 1 1 2 1 1 1 1 3
 2 2 1 1 2 1 1 3
 3 1 1 1 1 2 1 1
-figures-
 0 0 2 0 0 0 0 0
 0 0 0 0 0 0 0 0
 0 0 0 0 0 0 0 0
 0 0 0 1 4 0 1 0
 0 0 4 0 0 0 0 0
 0 0 0 0 0 0 0 0
 3 0 0 0 0 0 0 0
 0 0 0 0 0 0 0 3
---
attacked=63
 2 2 1 1 1 1 1 3
 1 1 3 1 1 1 1 3
 3 1 1 1 2 2 1 1
 1 1 1 1 1 2 1 1
 1 1 2 1 2 2 1 1
 1 0 3 1 1 1 1 3
 1 2 3 1 2 1 1 3
 3 2 2 1 1 2 1 1
-figures-
 0 0 2 0 0 0 0 0
 0 0 0 0 0 0 0 0
 0 0 0 0 0 0 0 0
 0 0 0 1 4 0 1 0
 0 0 0 0 0 0 0 0
 0 0 0 4 0 0 0 0
 3 0 0 0 0 0 0 0
 0 0 0 0 0 0 0 3
---
attacked=63
 3 2 1 3 1 1 1 3
 1 3 1 1 1 1 2 1
 2 1 2 1 1 2 1 1
 1 1 1 1 2 2 2 1
 1 1 1 1 1 1 1 1
 1 1 2 1 0 1 1 1
 2 2 3 1 1 1 2 1
 1 3 2 1 1 1 1 2
-figures-
 0 0 2 0 0 0 0 0
 0 0 0 0 0 1 0 0
 0 0 0 0 0 4 0 0
 0 0 0 0 0 0 0 1
 0 0 0 0 4 0 0 0
 0 0 0 0 0 0 0 0
 0 3 0 0 0 0 0 0
 3 0 0 0 0 0 0 0
---
attacked=63
 2 3 1 1 2 1 1 2
 1 2 3 1 1 1 1 1
 2 2 1 1 1 2 1 0
 1 1 1 1 2 2 1 1
 1 2 1 2 1 2 1 1
 1 1 3 1 1 1 1 1
 2 2 3 2 1 1 1 3
 1 3 2 1 2 1 2 1
-figures-
 0 0 2 0 0 0 0 0
 0 0 0 0 0 0 0 0
 0 0 0 0 0 0 4 0
 0 0 0 1 4 0 0 0
 0 0 0 0 0 0 0 0
 0 0 0 0 0 1 0 0
 0 3 0 0 0 0 0 0
 3 0 0 0 0 0 0 0
---
attacked=63
 2 3 1 1 2 1 1 1
 1 2 3 1 1 1 0 1
 2 2 1 1 1 1 1 1
 1 1 1 1 2 2 2 1
 1 2 1 1 1 2 1 1
 1 1 2 1 2 1 1 1
 2 1 3 3 1 1 1 3
 1 3 3 1 2 1 2 1
-figures-
 0 0 2 0 0 0 0 0
 0 0 0 0 0 0 0 0
 0 0 0 0 0 0 4 0
 0 0 0 1 0 0 0 0
 0 0 0 0 0 4 0 0
 0 0 0 0 0 1 0 0
 0 3 0 0 0 0 0 0
 3 0 0 0 0 0 0 0
---
attacked=63
 3 2 1 3 1 1 1 2
 1 3 1 1 1 1 1 1
 2 1 2 1 1 2 1 2
 1 1 1 1 1 2 2 1
 1 1 1 0 1 2 1 1
 1 1 1 1 1 1 1 1
 2 1 3 2 1 1 2 1
 1 3 3 1 1 1 1 2
-figures-
 0 0 2 0 0 0 0 0
 0 0 0 0 0 1 0 0
 0 0 0 0 0 0 0 0
 0 0 0 0 0 0 4 1
 0 0 0 0 4 0 0 0
 0 0 0 0 0 0 0 0
 0 3 0 0 0 0 0 0
 3 0 0 0 0 0 0 0
---
attacked=63
 2 2 1 1 2 1 1 3
 1 1 3 1 1 1 1 2
 2 1 2 1 2 2 1 1
 1 1 1 1 1 3 0 2
 1 1 1 2 1 2 1 1
 1 1 2 1 1 1 1 2
 2 1 4 1 2 1 1 2
 1 2 2 1 1 1 1 2
-figures-
 0 0 2 0 0 0 0 0
 0 0 0 0 0 0 0 0
 0 0 0 0 0 0 4 0
 0 0 0 1 4 0 0 0
 0 0 0 1 0 0 0 0
 0 0 0 0 0 0 0 0
 0 0 0 0 0 0 0 3
 3 0 0 0 0 0 0 0
---
attacked=63
 2 2 1 1 2 1 1 2
 1 1 3 1 1 1 0 2
 2 1 2 1 2 1 1 2
 1 1 1 1 1 3 1 2
 1 1 1 1 1 2 1 1
 1 1 2 1 2 1 1 2
 2 1 4 2 2 1 1 2
 1 2 3 1 1 1 1 2
-figures-
 0 0 2 0 0 0 0 0
 0 0 0 0 0 0 0 0
 0 0 0 0 0 0 4 0
 0 0 0 1 0 0 0 0
 0 0 0 1 0 4 0 0
 0 0 0 0 0 0 0 0
 0 0 0 0 0 0 0 3
 3 0 0 0 0 0 0 0
---
attacked=63
 2 2 1 1 1 1 1 3
 1 1 3 1 1 1 1 2
 3 1 1 1 2 2 0 1
 1 1 1 2 1 1 1 1
 1 1 2 1 1 2 1 1
 1 1 2 1 1 1 1 3
 3 2 1 1 2 1 1 2
 2 1 1 1 1 2 1 2
-figures-
 0 0 2 0 0 0 0 0
 0 0 0 0 0 0 0 0
 0 0 0 0 0 0 0 0
 0 0 0 1 4 0 1 0
 0 0 4 0 0 0 0 0
 0 0 0 0 0 0 0 0
 0 0 0 0 0 0 0 3
 3 0 0 0 0 0 0 0
---
attacked=63
 2 2 1 1 1 1 1 3
 1 1 3 1 1 1 1 3
 3 1 1 1 2 2 1 1
 1 1 1 1 1 2 1 1
 1 1 2 1 2 2 1 1
 1 0 3 1 1 1 1 3
 2 2 3 1 2 1 1 2
 2 2 2 1 1 2 1 2
-figures-
 0 0 2 0 0 0 0 0
 0 0 0 0 0 0 0 0
 0 0 0 0 0 0 0 0
 0 0 0 1 4 0 1 0
 0 0 0 0 0 0 0 0
 0 0 0 4 0 0 0 0
 0 0 0 0 0 0 0 3
 3 0 0 0 0 0 0 0
---
attacked=63
 2 2 1 1 1 1 1 3
 1 1 3 1 1 1 1 3
 2 1 1 1 2 2 1 1
 1 0 1 1 1 2 1 1
 2 1 1 1 2 2 1 1
 1 1 3 1 1 1 1 3
 1 1 3 1 1 1 1 2
 2 2 1 2 1 1 1 2
-figures-
 0 0 2 0 0 0 0 0
 0 0 0 0 0 0 0 0
 0 0 0 0 0 0 0 0
 0 0 0 1 4 0 1 0
 0 0 0 0 0 0 0 0
 0 0 0 0 0 0 0 0
 0 0 4 0 0 0 0 3
 3 0 0 0 0 0 0 0
---
attacked=63
 2 2 2 1 1 2 1 1
 1 1 1 3 1 1 1 1
 1 2 1 2 1 2 2 1
 2 1 1 1 1 1 3 0
 1 1 1 1 2 1 2 1
 1 1 1 2 1 1 1 1
 1 2 1 4 1 2 1 1
 2 1 2 2 1 1 1 1
-figures-
 0 0 0 2 0 0 0 0
 0 0 0 0 0 0 0 0
 0 0 0 0 0 0 0 4
 0 0 0 0 1 4 0 0
 0 0 0 0 1 0 0 0
 0 0 0 0 0 0 0 0
 3 0 0 0 0 0 0 0
 0 3 0 0 0 0 0 0
---
attacked=63
 2 2 2 1 1 2 1 1
 1 1 1 3 1 1 1 0
 1 2 1 2 1 2 1 1
 2 1 1 1 1 1 3 1
 1 1 1 1 1 1 2 1
 1 1 1 2 1 2 1 1
 1 2 1 4 2 2 1 1
 2 1 2 3 1 1 1 1
-figures-
 0 0 0 2 0 0 0 0
 0 0 0 0 0 0 0 0
 0 0 0 0 0 0 0 4
 0 0 0 0 1 0 0 0
 0 0 0 0 1 0 4 0
 0 0 0 0 0 0 0 0
 3 0 0 0 0 0 0 0
 0 3 0 0 0 0 0 0
---
attacked=63
 2 2 2 1 1 1 1 1
 2 1 1 3 1 1 1 1
 1 3 1 1 1 2 2 0
 2 1 1 1 2 1 1 1
 1 1 1 2 1 1 2 1
 1 1 1 2 1 1 1 1
 1 3 2 1 1 2 1 1
 3 2 1 1 1 1 2 1
-figures-
 0 0 0 2 0 0 0 0
 0 0 0 0 0 0 0 0
 0 0 0 0 0 0 0 0
 0 0 0 0 1 4 0 1
 0 0 0 4 0 0 0 0
 0 0 0 0 0 0 0 0
 3 0 0 0 0 0 0 0
 0 3 0 0 0 0 0 0
---
attacked=63
 2 2 2 1 1 1 1 1
 2 1 1 3 1 1 1 1
 1 3 1 1 1 2 2 1
 2 1 1 1 1 1 2 1
 1 1 1 2 1 2 2 1
 1 1 0 3 1 1 1 1
 1 2 2 3 1 2 1 1
 2 2 2 2 1 1 2 1
-figures-
 0 0 0 2 0 0 0 0
 0 0 0 0 0 0 0 0
 0 0 0 0 0 0 0 0
 0 0 0 0 1 4 0 1
 0 0 0 0 0 0 0 0
 0 0 0 0 4 0 0 0
 3 0 0 0 0 0 0 0
 0 3 0 0 0 0 0 0
---
attacked=63
 2 2 2 1 1 2 1 1
 1 1 1 3 1 1 1 1
 1 2 1 2 1 2 2 1
 2 1 1 1 1 1 3 0
 1 1 1 1 2 1 2 1
 1 1 1 2 1 1 1 1
 2 1 1 4 1 2 1 1
 1 2 2 2 1 1 1 1
-figures-
 0 0 0 2 0 0 0 0
 0 0 0 0 0 0 0 0
 0 0 0 0 0 0 0 4
 0 0 0 0 1 4 0 0
 0 0 0 0 1 0 0 0
 0 0 0 0 0 0 0 0
 0 3 0 0 0 0 0 0
 3 0 0 0 0 0 0 0
---
attacked=63
 2 2 2 1 1 2 1 1
 1 1 1 3 1 1 1 0
 1 2 1 2 1 2 1 1
 2 1 1 1 1 1 3 1
 1 1 1 1 1 1 2 1
 1 1 1 2 1 2 1 1
 2 1 1 4 2 2 1 1
 1 2 2 3 1 1 1 1
-figures-
 0 0 0 2 0 0 0 0
 0 0 0 0 0 0 0 0
 0 0 0 0 0 0 0 4
 0 0 0 0 1 0 0 0
 0 0 0 0 1 0 4 0
 0 0 0 0 0 0 0 0
 0 3 0 0 0 0 0 0
 3 0 0 0 0 0 0 0
---
attacked=63
 2 2 2 1 1 1 1 1
 2 1 1 3 1 1 1 1
 1 3 1 1 1 2 2 0
 2 1 1 1 2 1 1 1
 1 1 1 2 1 1 2 1
 1 1 1 2 1 1 1 1
 2 2 2 1 1 2 1 1
 1 3 1 1 1 1 2 1
-figures-
 0 0 0 2 0 0 0 0
 0 0 0 0 0 0 0 0
 0 0 0 0 0 0 0 0
 0 0 0 0 1 4 0 1
 0 0 0 4 0 0 0 0
 0 0 0 0 0 0 0 0
 0 3 0 0 0 0 0 0
 3 0 0 0 0 0 0 0
---
attacked=63
 2 2 2 1 1 1 1 1
 2 1 1 3 1 1 1 1
 1 3 1 1 1 2 2 1
 2 1 1 1 1 1 2 1
 1 1 1 2 1 2 2 1
 1 1 0 3 1 1 1 1
 2 1 2 3 1 2 1 1
 1 3 2 2 1 1 2 1
-figures-
 0 0 0 2 0 0 0 0
 0 0 0 0 0 0 0 0
 0 0 0 0 0 0 0 0
 0 0 0 0 1 4 0 1
 0 0 0 0 0 0 0 0
 0 0 0 0 4 0 0 0
 0 3 0 0 0 0 0 0
 3 0 0 0 0 0 0 0
---
attacked=63
 2 3 2 2 1 2 1 3
 2 1 3 1 1 1 3 3
 3 1 1 1 1 2 1 2
 1 2 1 1 2 1 1 1
 1 1 1 2 2 2 1 1
 1 1 1 1 1 1 1 1
 1 2 1 0 1 1 1 3
 3 3 1 1 1 2 1 2
-figures-
 3 0 0 0 0 0 0 0
 0 2 0 0 0 0 0 0
 0 0 0 0 1 0 0 0
 0 0 0 0 4 0 0 0
 0 0 0 0 0 0 1 0
 0 0 0 4 0 0 0 0
 0 0 0 0 0 0 0 0
 0 0 0 0 0 0 0 3
---
attacked=63
 2 2 3 1 1 1 1 3
 3 1 1 2 1 1 2 3
 2 3 1 1 1 1 1 1
 2 1 1 1 2 1 0 1
 1 1 1 2 2 1 1 1
 2 1 2 1 2 1 1 2
 1 3 1 1 1 1 1 1
 3 3 2 1 1 1 3 2
-figures-
 3 0 0 0 0 0 0 0
 0 2 0 0 0 0 0 0
 0 0 0 0 0 0 0 0
 0 0 0 0 0 4 0 0
 0 0 1 4 0 0 0 0
 0 0 0 0 0 0 0 0
 0 0 0 0 1 0 0 0
 0 0 0 0 0 0 0 3
---
attacked=63
 2 2 3 1 1 1 1 2
 3 1 1 2 1 1 1 3
 2 3 1 1 1 0 1 2
 2 1 1 1 1 1 1 1
 1 1 1 2 2 2 1 1
 2 1 1 1 2 1 1 2
 1 2 1 2 1 1 1 1
 2 3 3 1 1 1 3 2
-figures-
 3 0 0 0 0 0 0 0
 0 2 0 0 0 0 0 0
 0 0 0 0 0 0 0 0
 0 0 0 0 0 4 0 0
 0 0 1 0 0 0 0 0
 0 0 0 0 4 0 0 0
 0 0 0 0 1 0 0 0
 0 0 0 0 0 0 0 3
---
attacked=63
 2 3 2 2 1 2 1 2
 2 1 3 1 1 1 2 3
 3 1 1 1 1 1 1 3
 1 2 1 1 2 1 2 1
 1 1 1 1 2 2 1 1
 1 1 0 1 2 1 1 1
 1 1 1 1 1 1 1 3
 2 3 2 1 1 2 1 2
-figures-
 3 0 0 0 0 0 0 0
 0 2 0 0 0 0 0 0
 0 0 0 0 1 0 0 0
 0 0 0 0 0 0 0 0
 0 0 0 0 0 4 1 0
 0 0 0 4 0 0 0 0
 0 0 0 0 0 0 0 0
 0 0 0 0 0 0 0 3
---
attacked=63
 3 3 2 1 1 1 1 1
 2 1 3 1 2 1 2 1
 3 2 3 3 1 1 1 3
 1 2 1 1 1 1 2 1
 1 1 2 1 1 2 1 1
 1 1 1 1 2 2 2 1
 1 1 1 1 1 1 1 1
 1 1 2 1 0 1 1 1
-figures-
 0 0 3 0 0 0 0 0
 0 2 0 0 0 0 0 0
 3 0 0 0 0 0 0 0
 0 0 0 0 0 1 0 0
 0 0 0 0 0 4 0 0
 0 0 0 0 0 0 0 1
 0 0 0 0 4 0 0 0
 0 0 0 0 0 0 0 0
---
attacked=63
 3 2 3 1 1 1 1 1
 3 1 2 2 1 1 1 1
 2 3 3 1 2 1 1 2
 1 1 3 1 1 1 1 1
 1 2 1 1 1 2 1 0
 1 1 1 1 2 2 1 1
 1 2 1 2 1 2 1 1
 1 1 3 1 1 1 1 1
-figures-
 0 0 3 0 0 0 0 0
 0 2 0 0 0 0 0 0
 3 0 0 0 0 0 0 0
 0 0 0 0 0 0 0 0
 0 0 0 0 0 0 4 0
 0 0 0 1 4 0 0 0
 0 0 0 0 0 0 0 0
 0 0 0 0 0 1 0 0
---
attacked=63
 3 2 3 1 1 1 1 1
 3 1 2 2 1 1 1 1
 2 3 3 1 2 1 1 1
 1 1 3 1 1 1 0 1
 1 2 1 1 1 1 1 1
 1 1 1 1 2 2 2 1
 1 2 1 1 1 2 1 1
 1 1 2 1 2 1 1 1
-figures-
 0 0 3 0 0 0 0 0
 0 2 0 0 0 0 0 0
 3 0 0 0 0 0 0 0
 0 0 0 0 0 0 0 0
 0 0 0 0 0 0 4 0
 0 0 0 1 0 0 0 0
 0 0 0 0 0 4 0 0
 0 0 0 0 0 1 0 0
---
attacked=63
 3 3 2 1 1 1 1 1
 2 1 3 1 2 1 2 1
 3 2 3 3 1 1 1 2
 1 2 1 1 1 1 1 1
 1 1 2 1 1 2 1 2
 1 1 1 1 1 2 2 1
 1 1 1 0 1 2 1 1
 1 1 1 1 1 1 1 1
-figures-
 0 0 3 0 0 0 0 0
 0 2 0 0 0 0 0 0
 3 0 0 0 0 0 0 0
 0 0 0 0 0 1 0 0
 0 0 0 0 0 0 0 0
 0 0 0 0 0 0 4 1
 0 0 0 0 4 0 0 0
 0 0 0 0 0 0 0 0
---
attacked=63
 2 2 3 1 1 1 1 2
 2 1 1 2 1 2 1 3
 1 3 1 1 1 1 1 2
 1 2 1 2 1 2 1 1
 1 1 1 1 3 1 1 1
 1 1 1 1 2 1 0 2
 1 2 1 2 1 1 1 1
 1 4 2 2 1 1 2 2
-figures-
 0 0 0 0 0 3 0 0
 0 2 0 0 0 0 0 0
 0 0 0 0 0 0 0 0
 0 0 0 0 0 4 0 0
 0 0 1 0 0 0 0 0
 0 0 1 0 4 0 0 0
 0 0 0 0 0 0 0 0
 0 0 0 0 0 0 0 3
---
attacked=63
 2 2 3 1 1 1 1 3
 2 1 1 2 1 1 3 3
 1 3 1 1 1 1 2 1
 1 2 1 2 2 1 1 1
 1 1 1 1 3 0 2 1
 1 1 2 1 2 1 1 2
 1 2 1 1 1 1 2 1
 1 4 1 2 1 1 3 2
-figures-
 0 0 0 0 0 0 3 0
 0 2 0 0 0 0 0 0
 0 0 0 0 0 0 0 0
 0 0 0 0 0 4 0 0
 0 0 1 4 0 0 0 0
 0 0 1 0 0 0 0 0
 0 0 0 0 0 0 0 0
 0 0 0 0 0 0 0 3
---
attacked=63
 2 2 3 1 1 1 1 2
 2 1 1 2 1 1 2 3
 1 3 1 1 1 0 2 2
 1 2 1 2 1 1 2 1
 1 1 1 1 3 1 2 1
 1 1 1 1 2 1 1 2
 1 2 1 2 1 1 2 1
 1 4 2 2 1 1 3 2
-figures-
 0 0 0 0 0 0 3 0
 0 2 0 0 0 0 0 0
 0 0 0 0 0 0 0 0
 0 0 0 0 0 4 0 0
 0 0 1 0 0 0 0 0
 0 0 1 0 4 0 0 0
 0 0 0 0 0 0 0 0
 0 0 0 0 0 0 0 3
---
attacked=63
 2 2 2 1 1 1 1 3
 2 1 1 1 1 1 3 2
 1 3 1 1 1 1 2 1
 1 1 1 2 2 0 1 2
 1 1 2 1 1 1 1 1
 1 2 1 1 2 1 1 2
 1 2 1 1 1 1 3 1
 2 1 1 2 1 1 3 2
-figures-
 0 0 0 0 0 0 3 0
 0 2 0 0 0 0 0 0
 0 0 0 0 0 0 0 0
 0 0 0 0 0 0 0 0
 0 0 1 4 0 1 0 0
 0 4 0 0 0 0 0 0
 0 0 0 0 0 0 0 0
 0 0 0 0 0 0 0 3
---
attacked=63
 2 2 2 1 1 1 1 3
 2 1 1 1 1 1 3 3
 1 3 1 1 1 1 3 1
 1 1 1 2 2 1 1 2
 1 1 1 1 2 1 1 1
 1 2 1 2 2 1 1 2
 0 3 1 1 1 1 3 1
 2 3 1 2 1 1 3 2
-figures-
 0 0 0 0 0 0 3 0
 0 2 0 0 0 0 0 0
 0 0 0 0 0 0 0 0
 0 0 0 0 0 0 0 0
 0 0 1 4 0 1 0 0
 0 0 0 0 0 0 0 0
 0 0 4 0 0 0 0 0
 0 0 0 0 0 0 0 3
---
attacked=63
 2 2 2 1 1 1 1 3
 2 1 1 1 1 1 3 3
 1 3 1 1 1 1 3 1
 1 1 1 2 2 1 1 2
 0 1 1 1 2 1 1 1
 1 1 1 2 2 1 1 2
 1 3 1 1 1 1 3 1
 1 3 1 1 1 1 3 2
-figures-
 0 0 0 0 0 0 3 0
 0 2 0 0 0 0 0 0
 0 0 0 0 0 0 0 0
 0 0 0 0 0 0 0 0
 0 0 1 4 0 1 0 0
 0 0 0 0 0 0 0 0
 0 0 0 0 0 0 0 0
 0 4 0 0 0 0 0 3
---
attacked=63
 3 3 2 2 1 2 1 2
 2 1 3 1 1 1 3 3
 3 1 1 1 1 2 1 2
 1 2 1 1 2 1 1 1
 1 1 1 2 2 2 1 1
 1 1 1 1 1 1 1 1
 1 2 1 0 1 1 1 3
 2 3 1 1 1 2 1 3
-figures-
 0 0 0 0 0 0 0 3
 0 2 0 0 0 0 0 0
 0 0 0 0 1 0 0 0
 0 0 0 0 4 0 0 0
 0 0 0 0 0 0 1 0
 0 0 0 4 0 0 0 0
 0 0 0 0 0 0 0 0
 3 0 0 0 0 0 0 0
---
attacked=63
 3 2 3 1 1 1 1 2
 3 1 1 2 1 1 2 3
 2 3 1 1 1 1 1 1
 2 1 1 1 2 1 0 1
 1 1 1 2 2 1 1 1
 2 1 2 1 2 1 1 2
 1 3 1 1 1 1 1 1
 2 3 2 1 1 1 3 3
-figures-
 0 0 0 0 0 0 0 3
 0 2 0 0 0 0 0 0
 0 0 0 0 0 0 0 0
 0 0 0 0 0 4 0 0
 0 0 1 4 0 0 0 0
 0 0 0 0 0 0 0 0
 0 0 0 0 1 0 0 0
 3 0 0 0 0 0 0 0
---
attacked=63
 3 2 3 1 1 1 1 1
 3 1 1 2 1 1 1 3
 2 3 1 1 1 0 1 2
 2 1 1 1 1 1 1 1
 1 1 1 2 2 2 1 1
 2 1 1 1 2 1 1 2
 1 2 1 2 1 1 1 1
 1 3 3 1 1 1 3 3
-figures-
 0 0 0 0 0 0 0 3
 0 2 0 0 0 0 0 0
 0 0 0 0 0 0 0 0
 0 0 0 0 0 4 0 0
 0 0 1 0 0 0 0 0
 0 0 0 0 4 0 0 0
 0 0 0 0 1 0 0 0
 3 0 0 0 0 0 0 0
---
attacked=63
 3 3 2 2 1 2 1 1
 2 1 3 1 1 1 2 3
 3 1 1 1 1 1 1 3
 1 2 1 1 2 1 2 1
 1 1 1 1 2 2 1 1
 1 1 0 1 2 1 1 1
 1 1 1 1 1 1 1 3
 1 3 2 1 1 2 1 3
-figures-
 0 0 0 0 0 0 0 3
 0 2 0 0 0 0 0 0
 0 0 0 0 1 0 0 0
 0 0 0 0 0 0 0 0
 0 0 0 0 0 4 1 0
 0 0 0 4 0 0 0 0
 0 0 0 0 0 0 0 0
 3 0 0 0 0 0 0 0
---
attacked=63
 2 2 3 1 1 1 2 2
 2 1 1 2 1 1 3 3
 1 3 1 1 1 1 2 1
 1 2 1 2 2 1 1 1
 1 1 1 1 3 0 2 1
 1 1 2 1 2 1 1 2
 1 2 1 1 1 1 2 1
 1 4 1 2 1 1 2 3
-figures-
 0 0 0 0 0 0 0 3
 0 2 0 0 0 0 0 0
 0 0 0 0 0 0 0 0
 0 0 0 0 0 4 0 0
 0 0 1 4 0 0 0 0
 0 0 1 0 0 0 0 0
 0 0 0 0 0 0 0 0
 0 0 0 0 0 0 3 0
---
attacked=63
 2 2 3 1 1 1 2 1
 2 1 1 2 1 1 2 3
 1 3 1 1 1 0 2 2
 1 2 1 2 1 1 2 1
 1 1 1 1 3 1 2 1
 1 1 1 1 2 1 1 2
 1 2 1 2 1 1 2 1
 1 4 2 2 1 1 2 3
-figures-
 0 0 0 0 0 0 0 3
 0 2 0 0 0 0 0 0
 0 0 0 0 0 0 0 0
 0 0 0 0 0 4 0 0
 0 0 1 0 0 0 0 0
 0 0 1 0 4 0 0 0
 0 0 0 0 0 0 0 0
 0 0 0 0 0 0 3 0
---
attacked=63
 2 2 2 1 1 1 2 2
 2 1 1 1 1 1 3 2
 1 3 1 1 1 1 2 1
 1 1 1 2 2 0 1 2
 1 1 2 1 1 1 1 1
 1 2 1 1 2 1 1 2
 1 2 1 1 1 1 3 1
 2 1 1 2 1 1 2 3
-figures-
 0 0 0 0 0 0 0 3
 0 2 0 0 0 0 0 0
 0 0 0 0 0 0 0 0
 0 0 0 0 0 0 0 0
 0 0 1 4 0 1 0 0
 0 4 0 0 0 0 0 0
 0 0 0 0 0 0 0 0
 0 0 0 0 0 0 3 0
---
attacked=63
 2 2 2 1 1 1 2 2
 2 1 1 1 1 1 3 3
 1 3 1 1 1 1 3 1
 1 1 1 2 2 1 1 2
 1 1 1 1 2 1 1 1
 1 2 1 2 2 1 1 2
 0 3 1 1 1 1 3 1
 2 3 1 2 1 1 2 3
-figures-
 0 0 0 0 0 0 0 3
 0 2 0 0 0 0 0 0
 0 0 0 0 0 0 0 0
 0 0 0 0 0 0 0 0
 0 0 1 4 0 1 0 0
 0 0 0 0 0 0 0 0
 0 0 4 0 0 0 0 0
 0 0 0 0 0 0 3 0
---
attacked=63
 2 2 2 1 1 1 2 2
 2 1 1 1 1 1 3 3
 1 3 1 1 1 1 3 1
 1 1 1 2 2 1 1 2
 0 1 1 1 2 1 1 1
 1 1 1 2 2 1 1 2
 1 3 1 1 1 1 3 1
 1 3 1 1 1 1 2 3
-figures-
 0 0 0 0 0 0 0 3
 0 2 0 0 0 0 0 0
 0 0 0 0 0 0 0 0
 0 0 0 0 0 0 0 0
 0 0 1 4 0 1 0 0
 0 0 0 0 0 0 0 0
 0 0 0 0 0 0 0 0
 0 4 0 0 0 0 3 0
---
attacked=63
 2 2 1 1 1 1 1 1
 2 1 3 2 1 1 2 4
 3 1 1 1 1 1 1 2
 1 2 1 2 1 1 2 2
 1 1 1 1 3 2 1 1
 1 2 1 2 1 1 1 1
 1 1 1 1 1 0 1 2
 2 3 2 1 1 2 1 2
-figures-
 0 0 0 0 0 0 0 0
 0 2 0 0 0 0 0 0
 0 0 0 0 1 1 0 0
 0 0 0 0 0 0 0 0
 0 0 0 0 0 4 0 0
 3 0 0 4 0 0 0 0
 0 0 0 0 0 0 0 0
 0 0 0 0 0 0 0 3
---
attacked=63
 2 2 1 1 1 1 1 2
 2 1 3 1 1 2 2 1
 2 1 1 1 2 1 1 1
 1 1 1 2 1 1 1 2
 1 1 1 2 1 2 1 1
 1 1 1 0 1 1 1 1
 1 3 2 1 1 1 3 3
 3 2 1 2 1 2 1 2
-figures-
 0 0 0 0 0 0 0 0
 0 2 0 0 0 4 0 0
 0 0 0 0 1 0 0 0
 0 0 0 0 4 0 0 0
 0 0 0 0 0 0 0 0
 0 0 0 0 1 0 0 0
 3 0 0 0 0 0 0 0
 0 0 0 0 0 0 0 3
---
attacked=63
 2 2 1 1 0 1 1 1
 2 1 3 1 1 1 3 3
 2 1 1 1 1 1 1 1
 1 1 1 2 1 2 1 1
 1 1 1 2 2 2 1 1
 1 1 1 1 1 1 1 1
 1 3 3 1 1 1 3 3
 3 3 1 2 1 2 1 2
-figures-
 0 0 0 0 0 0 0 0
 0 2 0 0 0 0 0 4
 0 0 0 0 1 0 0 0
 0 0 0 0 4 0 0 0
 0 0 0 0 0 0 0 0
 0 0 0 0 1 0 0 0
 3 0 0 0 0 0 0 0
 0 0 0 0 0 0 0 3
---
attacked=63
 2 2 1 1 1 1 0 2
 2 1 3 1 1 2 3 3
 2 1 1 1 1 1 1 1
 1 1 1 2 1 2 1 2
 1 1 1 2 2 2 1 1
 1 1 1 1 1 1 1 1
 1 3 3 1 1 1 3 3
 3 3 1 2 1 2 1 2
-figures-
 0 0 0 0 0 0 0 0
 0 2 0 0 0 0 0 0
 0 0 0 0 1 0 4 0
 0 0 0 0 4 0 0 0
 0 0 0 0 0 0 0 0
 0 0 0 0 1 0 0 0
 3 0 0 0 0 0 0 0
 0 0 0 0 0 0 0 3
---
attacked=63
 2 2 1 1 1 1 1 1
 2 1 3 2 1 1 2 4
 3 1 1 1 1 2 1 1
 1 2 1 2 1 1 1 2
 1 1 1 2 3 2 1 1
 1 1 1 1 0 1 1 1
 1 3 2 1 2 1 2 3
 3 3 1 1 1 2 1 2
-figures-
 0 0 0 0 0 0 0 0
 0 2 0 0 0 0 0 0
 0 0 0 0 1 1 0 0
 0 0 0 0 4 0 0 0
 0 0 0 0 0 0 0 0
 0 0 0 4 0 0 0 0
 3 0 0 0 0 0 0 0
 0 0 0 0 0 0 0 3
---
attacked=63
 2 2 1 1 1 1 1 1
 2 1 3 2 1 1 2 4
 3 1 1 1 1 1 1 2
 1 2 1 2 1 1 2 2
 1 1 1 1 3 2 1 1
 1 1 0 1 1 1 1 1
 1 2 2 2 2 1 2 3
 2 3 2 1 1 2 1 2
-figures-
 0 0 0 0 0 0 0 0
 0 2 0 0 0 0 0 0
 0 0 0 0 1 1 0 0
 0 0 0 0 0 0 0 0
 0 0 0 0 0 4 0 0
 0 0 0 4 0 0 0 0
 3 0 0 0 0 0 0 0
 0 0 0 0 0 0 0 3
---
attacked=63
 2 2 1 1 1 1 1 2
 2 1 3 1 1 2 2 1
 2 1 1 1 2 1 1 1
 1 1 1 2 1 1 1 2
 1 1 1 2 1 2 1 1
 1 1 1 0 1 1 1 1
 2 3 2 1 1 1 3 2
 2 2 1 2 1 2 1 3
-figures-
 0 0 0 0 0 0 0 0
 0 2 0 0 0 4 0 0
 0 0 0 0 1 0 0 0
 0 0 0 0 4 0 0 0
 0 0 0 0 0 0 0 0
 0 0 0 0 1 0 0 0
 0 0 0 0 0 0 0 3
 3 0 0 0 0 0 0 0
---
attacked=63
 2 2 1 1 0 1 1 1
 2 1 3 1 1 1 3 3
 2 1 1 1 1 1 1 1
 1 1 1 2 1 2 1 1
 1 1 1 2 2 2 1 1
 1 1 1 1 1 1 1 1
 2 3 3 1 1 1 3 2
 2 3 1 2 1 2 1 3
-figures-
 0 0 0 0 0 0 0 0
 0 2 0 0 0 0 0 4
 0 0 0 0 1 0 0 0
 0 0 0 0 4 0 0 0
 0 0 0 0 0 0 0 0
 0 0 0 0 1 0 0 0
 0 0 0 0 0 0 0 3
 3 0 0 0 0 0 0 0
---
attacked=63
 2 2 1 1 1 1 0 2
 2 1 3 1 1 2 3 3
 2 1 1 1 1 1 1 1
 1 1 1 2 1 2 1 2
 1 1 1 2 2 2 1 1
 1 1 1 1 1 1 1 1
 2 3 3 1 1 1 3 2
 2 3 1 2 1 2 1 3
-figures-
 0 0 0 0 0 0 0 0
 0 2 0 0 0 0 0 0
 0 0 0 0 1 0 4 0
 0 0 0 0 4 0 0 0
 0 0 0 0 0 0 0 0
 0 0 0 0 1 0 0 0
 0 0 0 0 0 0 0 3
 3 0 0 0 0 0 0 0
---
attacked=63
 2 2 1 1 1 1 1 1
 2 1 3 2 1 1 2 4
 3 1 1 1 1 2 1 1
 1 2 1 2 1 1 1 2
 1 1 1 2 3 2 1 1
 1 1 1 1 0 1 1 1
 2 3 2 1 2 1 2 2
 2 3 1 1 1 2 1 3
-figures-
 0 0 0 0 0 0 0 0
 0 2 0 0 0 0 0 0
 0 0 0 0 1 1 0 0
 0 0 0 0 4 0 0 0
 0 0 0 0 0 0 0 0
 0 0 0 4 0 0 0 0
 0 0 0 0 0 0 0 3
 3 0 0 0 0 0 0 0
---
attacked=63
 2 2 1 1 1 1 1 1
 2 1 3 2 1 1 2 4
 3 1 1 1 1 1 1 2
 1 2 1 2 1 1 2 2
 1 1 1 1 3 2 1 1
 1 1 0 1 1 1 1 1
 2 2 2 2 2 1 2 2
 1 3 2 1 1 2 1 3
-figures-
 0 0 0 0 0 0 0 0
 0 2 0 0 0 0 0 0
 0 0 0 0 1 1 0 0
 0 0 0 0 0 0 0 0
 0 0 0 0 0 4 0 0
 0 0 0 4 0 0 0 0
 0 0 0 0 0 0 0 3
 3 0 0 0 0 0 0 0
---
attacked=63
 1 3 3 2 2 1 2 1
 3 2 1 3 1 1 1 3
 1 3 1 1 1 1 2 1
 2 1 2 1 1 2 1 1
 1 1 1 1 2 2 2 1
 1 1 1 1 1 1 1 1
 1 1 2 1 0 1 1 1
 2 2 3 1 1 1 2 1
-figures-
 3 0 0 0 0 0 0 0
 0 0 2 0 0 0 0 0
 0 0 0 0 0 1 0 0
 0 0 0 0 0 4 0 0
 0 0 0 0 0 0 0 1
 0 0 0 0 4 0 0 0
 0 0 0 0 0 0 0 0
 0 3 0 0 0 0 0 0
---
attacked=63
 2 3 2 3 1 1 1 1
 2 3 1 1 2 1 1 2
 1 2 3 1 1 1 1 1
 2 2 1 1 1 2 1 0
 1 1 1 1 2 2 1 1
 1 2 1 2 1 2 1 1
 1 1 3 1 1 1 1 1
 2 2 3 2 1 1 1 3
-figures-
 3 0 0 0 0 0 0 0
 0 0 2 0 0 0 0 0
 0 0 0 0 0 0 0 0
 0 0 0 0 0 0 4 0
 0 0 0 1 4 0 0 0
 0 0 0 0 0 0 0 0
 0 0 0 0 0 1 0 0
 0 3 0 0 0 0 0 0
---
attacked=63
 2 3 2 3 1 1 1 1
 2 3 1 1 2 1 1 1
 1 2 3 1 1 1 0 1
 2 2 1 1 1 1 1 1
 1 1 1 1 2 2 2 1
 1 2 1 1 1 2 1 1
 1 1 2 1 2 1 1 1
 2 1 3 3 1 1 1 3
-figures-
 3 0 0 0 0 0 0 0
 0 0 2 0 0 0 0 0
 0 0 0 0 0 0 0 0
 0 0 0 0 0 0 4 0
 0 0 0 1 0 0 0 0
 0 0 0 0 0 4 0 0
 0 0 0 0 0 1 0 0
 0 3 0 0 0 0 0 0
---
attacked=63
 1 3 3 2 2 1 2 1
 3 2 1 3 1 1 1 2
 1 3 1 1 1 1 1 1
 2 1 2 1 1 2 1 2
 1 1 1 1 1 2 2 1
 1 1 1 0 1 2 1 1
 1 1 1 1 1 1 1 1
 2 1 3 2 1 1 2 1
-figures-
 3 0 0 0 0 0 0 0
 0 0 2 0 0 0 0 0
 0 0 0 0 0 1 0 0
 0 0 0 0 0 0 0 0
 0 0 0 0 0 0 4 1
 0 0 0 0 4 0 0 0
 0 0 0 0 0 0 0 0
 0 3 0 0 0 0 0 0
---
attacked=63
 2 2 2 3 1 1 1 2
 2 2 1 1 2 1 1 3
 1 1 3 1 1 1 1 2
 2 1 2 1 2 2 1 1
 1 1 1 1 1 3 0 2
 1 1 1 2 1 2 1 1
 1 1 2 1 1 1 1 2
 2 1 4 1 2 1 1 2
-figures-
 3 0 0 0 0 0 0 0
 0 0 2 0 0 0 0 0
 0 0 0 0 0 0 0 0
 0 0 0 0 0 0 4 0
 0 0 0 1 4 0 0 0
 0 0 0 1 0 0 0 0
 0 0 0 0 0 0 0 0
 0 0 0 0 0 0 0 3
---
attacked=63
 2 2 2 3 1 1 1 2
 2 2 1 1 2 1 1 2
 1 1 3 1 1 1 0 2
 2 1 2 1 2 1 1 2
 1 1 1 1 1 3 1 2
 1 1 1 1 1 2 1 1
 1 1 2 1 2 1 1 2
 2 1 4 2 2 1 1 2
-figures-
 3 0 0 0 0 0 0 0
 0 0 2 0 0 0 0 0
 0 0 0 0 0 0 0 0
 0 0 0 0 0 0 4 0
 0 0 0 1 0 0 0 0
 0 0 0 1 0 4 0 0
 0 0 0 0 0 0 0 0
 0 0 0 0 0 0 0 3
---
attacked=63
 2 2 2 2 1 1 1 2
 2 2 1 1 1 1 1 3
 1 1 3 1 1 1 1 2
 3 1 1 1 2 2 0 1
 1 1 1 2 1 1 1 1
 1 1 2 1 1 2 1 1
 1 1 2 1 1 1 1 3
 3 2 1 1 2 1 1 2
-figures-
 3 0 0 0 0 0 0 0
 0 0 2 0 0 0 0 0
 0 0 0 0 0 0 0 0
 0 0 0 0 0 0 0 0
 0 0 0 1 4 0 1 0
 0 0 4 0 0 0 0 0
 0 0 0 0 0 0 0 0
 0 0 0 0 0 0 0 3
---
attacked=63
 2 2 2 2 1 1 1 2
 2 2 1 1 1 1 1 3
 1 1 3 1 1 1 1 3
 3 1 1 1 2 2 1 1
 1 1 1 1 1 2 1 1
 1 1 2 1 2 2 1 1
 1 0 3 1 1 1 1 3
 2 2 3 1 2 1 1 2
-figures-
 3 0 0 0 0 0 0 0
 0 0 2 0 0 0 0 0
 0 0 0 0 0 0 0 0
 0 0 0 0 0 0 0 0
 0 0 0 1 4 0 1 0
 0 0 0 0 0 0 0 0
 0 0 0 4 0 0 0 0
 0 0 0 0 0 0 0 3
---
attacked=63
 2 2 2 2 1 1 1 2
 2 2 1 1 1 1 1 3
 1 1 3 1 1 1 1 3
 2 1 1 1 2 2 1 1
 1 0 1 1 1 2 1 1
 2 1 1 1 2 2 1 1
 1 1 3 1 1 1 1 3
 1 1 3 1 1 1 1 2
-figures-
 3 0 0 0 0 0 0 0
 0 0 2 0 0 0 0 0
 0 0 0 0 0 0 0 0
 0 0 0 0 0 0 0 0
 0 0 0 1 4 0 1 0
 0 0 0 0 0 0 0 0
 0 0 0 0 0 0 0 0
 0 0 4 0 0 0 0 3
---
attacked=63
 2 2 3 2 2 1 2 1
 3 2 1 3 1 1 1 3
 1 3 1 1 1 1 2 1
 2 1 2 1 1 2 1 1
 1 1 1 1 2 2 2 1
 1 1 1 1 1 1 1 1
 1 1 2 1 0 1 1 1
 1 3 3 1 1 1 2 1
-figures-
 0 3 0 0 0 0 0 0
 0 0 2 0 0 0 0 0
 0 0 0 0 0 1 0 0
 0 0 0 0 0 4 0 0
 0 0 0 0 0 0 0 1
 0 0 0 0 4 0 0 0
 0 0 0 0 0 0 0 0
 3 0 0 0 0 0 0 0
---
attacked=63
 3 2 2 3 1 1 1 1
 2 3 1 1 2 1 1 2
 1 2 3 1 1 1 1 1
 2 2 1 1 1 2 1 0
 1 1 1 1 2 2 1 1
 1 2 1 2 1 2 1 1
 1 1 3 1 1 1 1 1
 1 3 3 2 1 1 1 3
-figures-
 0 3 0 0 0 0 0 0
 0 0 2 0 0 0 0 0
 0 0 0 0 0 0 0 0
 0 0 0 0 0 0 4 0
 0 0 0 1 4 0 0 0
 0 0 0 0 0 0 0 0
 0 0 0 0 0 1 0 0
 3 0 0 0 0 0 0 0
---
attacked=63
 3 2 2 3 1 1 1 1
 2 3 1 1 2 1 1 1
 1 2 3 1 1 1 0 1
 2 2 1 1 1 1 1 1
 1 1 1 1 2 2 2 1
 1 2 1 1 1 2 1 1
 1 1 2 1 2 1 1 1
 1 2 3 3 1 1 1 3
-figures-
 0 3 0 0 0 0 0 0
 0 0 2 0 0 0 0 0
 0 0 0 0 0 0 0 0
 0 0 0 0 0 0 4 0
 0 0 0 1 0 0 0 0
 0 0 0 0 0 4 0 0
 0 0 0 0 0 1 0 0
 3 0 0 0 0 0 0 0
---
attacked=63
 2 2 3 2 2 1 2 1
 3 2 1 3 1 1 1 2
 1 3 1 1 1 1 1 1
 2 1 2 1 1 2 1 2
 1 1 1 1 1 2 2 1
 1 1 1 0 1 2 1 1
 1 1 1 1 1 1 1 1
 1 2 3 2 1 1 2 1
-figures-
 0 3 0 0 0 0 0 0
 0 0 2 0 0 0 0 0
 0 0 0 0 0 1 0 0
 0 0 0 0 0 0 0 0
 0 0 0 0 0 0 4 1
 0 0 0 0 4 0 0 0
 0 0 0 0 0 0 0 0
 3 0 0 0 0 0 0 0
---
attacked=63
 3 2 2 3 1 1 1 1
 2 2 1 1 2 1 2 1
 1 1 3 1 1 1 1 1
 2 1 2 1 2 1 2 1
 1 1 1 1 1 3 1 1
 1 1 1 1 1 2 1 0
 1 1 2 1 2 1 1 1
 1 1 4 2 2 1 1 2
-figures-
 0 0 0 0 0 0 3 0
 0 0 2 0 0 0 0 0
 0 0 0 0 0 0 0 0
 0 0 0 0 0 0 4 0
 0 0 0 1 0 0 0 0
 0 0 0 1 0 4 0 0
 0 0 0 0 0 0 0 0
 3 0 0 0 0 0 0 0
---
attacked=63
 3 2 2 3 1 1 1 1
 2 2 1 1 2 1 1 3
 1 1 3 1 1 1 1 2
 2 1 2 1 2 2 1 1
 1 1 1 1 1 3 0 2
 1 1 1 2 1 2 1 1
 1 1 2 1 1 1 1 2
 1 1 4 1 2 1 1 3
-figures-
 0 0 0 0 0 0 0 3
 0 0 2 0 0 0 0 0
 0 0 0 0 0 0 0 0
 0 0 0 0 0 0 4 0
 0 0 0 1 4 0 0 0
 0 0 0 1 0 0 0 0
 0 0 0 0 0 0 0 0
 3 0 0 0 0 0 0 0
---
attacked=63
 3 2 2 3 1 1 1 1
 2 2 1 1 2 1 1 2
 1 1 3 1 1 1 0 2
 2 1 2 1 2 1 1 2
 1 1 1 1 1 3 1 2
 1 1 1 1 1 2 1 1
 1 1 2 1 2 1 1 2
 1 1 4 2 2 1 1 3
-figures-
 0 0 0 0 0 0 0 3
 0 0 2 0 0 0 0 0
 0 0 0 0 0 0 0 0
 0 0 0 0 0 0 4 0
 0 0 0 1 0 0 0 0
 0 0 0 1 0 4 0 0
 0 0 0 0 0 0 0 0
 3 0 0 0 0 0 0 0
---
attacked=63
 3 2 2 2 1 1 1 1
 2 2 1 1 1 1 1 3
 1 1 3 1 1 1 1 2
 3 1 1 1 2 2 0 1
 1 1 1 2 1 1 1 1
 1 1 2 1 1 2 1 1
 1 1 2 1 1 1 1 3
 2 2 1 1 2 1 1 3
-figures-
 0 0 0 0 0 0 0 3
 0 0 2 0 0 0 0 0
 0 0 0 0 0 0 0 0
 0 0 0 0 0 0 0 0
 0 0 0 1 4 0 1 0
 0 0 4 0 0 0 0 0
 0 0 0 0 0 0 0 0
 3 0 0 0 0 0 0 0
---
attacked=63
 3 2 2 2 1 1 1 1
 2 2 1 1 1 1 1 3
 1 1 3 1 1 1 1 3
 3 1 1 1 2 2 1 1
 1 1 1 1 1 2 1 1
 1 1 2 1 2 2 1 1
 1 0 3 1 1 1 1 3
 1 2 3 1 2 1 1 3
-figures-
 0 0 0 0 0 0 0 3
 0 0 2 0 0 0 0 0
 0 0 0 0 0 0 0 0
 0 0 0 0 0 0 0 0
 0 0 0 1 4 0 1 0
 0 0 0 0 0 0 0 0
 0 0 0 4 0 0 0 0
 3 0 0 0 0 0 0 0
---
attacked=63
 1 2 2 1 1 1 1 1
 3 2 1 3 2 1 1 2
 1 3 1 1 1 1 1 1
 2 1 2 1 2 1 1 2
 1 1 1 1 1 3 2 1
 1 2 2 1 2 1 1 1
 1 1 1 1 1 1 0 1
 2 1 3 2 1 1 2 1
-figures-
 0 0 0 0 0 0 0 0
 0 0 2 0 0 0 0 0
 0 0 0 0 0 1 1 0
 0 0 0 0 0 0 0 0
 0 0 0 0 0 0 4 0
 3 0 0 0 4 0 0 0
 0 0 0 0 0 0 0 0
 0 3 0 0 0 0 0 0
---
attacked=63
 1 2 2 1 1 1 1 1
 3 2 1 3 2 1 1 2
 1 3 1 1 1 1 1 1
 2 1 2 1 2 1 1 2
 1 1 1 1 1 3 2 1
 2 1 2 1 2 1 1 1
 1 1 1 1 1 1 0 1
 1 2 3 2 1 1 2 1
-figures-
 0 0 0 0 0 0 0 0
 0 0 2 0 0 0 0 0
 0 0 0 0 0 1 1 0
 0 0 0 0 0 0 0 0
 0 0 0 0 0 0 4 0
 0 3 0 0 4 0 0 0
 0 0 0 0 0 0 0 0
 3 0 0 0 0 0 0 0
---
attacked=63
 1 2 2 1 1 1 1 1
 2 2 1 3 1 1 2 2
 1 2 1 1 1 2 1 1
 2 1 1 1 2 1 1 1
 1 1 1 1 2 1 2 1
 1 1 1 1 0 1 1 1
 1 2 3 2 1 1 1 3
 2 2 2 1 2 1 2 1
-figures-
 0 0 0 0 0 0 0 0
 0 0 2 0 0 0 4 0
 0 0 0 0 0 1 0 0
 0 0 0 0 0 4 0 0
 0 0 0 0 0 0 0 0
 0 0 0 0 0 1 0 0
 3 0 0 0 0 0 0 0
 0 3 0 0 0 0 0 0
---
attacked=63
 1 2 2 1 1 1 1 0
 2 2 1 3 1 1 2 3
 1 2 1 1 1 1 1 1
 2 1 1 1 2 1 2 1
 1 1 1 1 2 2 2 1
 1 1 1 1 1 1 1 1
 1 2 3 3 1 1 1 3
 2 2 3 1 2 1 2 1
-figures-
 0 0 0 0 0 0 0 0
 0 0 2 0 0 0 0 0
 0 0 0 0 0 1 0 4
 0 0 0 0 0 4 0 0
 0 0 0 0 0 0 0 0
 0 0 0 0 0 1 0 0
 3 0 0 0 0 0 0 0
 0 3 0 0 0 0 0 0
---
attacked=63
 1 2 2 1 1 1 1 1
 3 2 1 3 2 1 1 2
 1 3 1 1 1 1 2 1
 2 1 2 1 2 1 1 1
 1 1 1 1 2 3 2 1
 1 1 1 1 1 0 1 1
 1 2 3 2 1 2 1 2
 2 2 3 1 1 1 2 1
-figures-
 0 0 0 0 0 0 0 0
 0 0 2 0 0 0 0 0
 0 0 0 0 0 1 1 0
 0 0 0 0 0 4 0 0
 0 0 0 0 0 0 0 0
 0 0 0 0 4 0 0 0
 3 0 0 0 0 0 0 0
 0 3 0 0 0 0 0 0
---
attacked=63
 1 2 2 1 1 1 1 1
 3 2 1 3 2 1 1 2
 1 3 1 1 1 1 1 1
 2 1 2 1 2 1 1 2
 1 1 1 1 1 3 2 1
 1 1 1 0 1 1 1 1
 1 2 2 2 2 2 1 2
 2 1 3 2 1 1 2 1
-figures-
 0 0 0 0 0 0 0 0
 0 0 2 0 0 0 0 0
 0 0 0 0 0 1 1 0
 0 0 0 0 0 0 0 0
 0 0 0 0 0 0 4 0
 0 0 0 0 4 0 0 0
 3 0 0 0 0 0 0 0
 0 3 0 0 0 0 0 0
---
attacked=63
 1 2 2 1 1 1 1 1
 2 2 1 3 1 1 2 2
 1 2 1 1 1 2 1 1
 2 1 1 1 2 1 1 1
 1 1 1 1 2 1 2 1
 1 1 1 1 0 1 1 1
 2 1 3 2 1 1 1 3
 1 3 2 1 2 1 2 1
-figures-
 0 0 0 0 0 0 0 0
 0 0 2 0 0 0 4 0
 0 0 0 0 0 1 0 0
 0 0 0 0 0 4 0 0
 0 0 0 0 0 0 0 0
 0 0 0 0 0 1 0 0
 0 3 0 0 0 0 0 0
 3 0 0 0 0 0 0 0
---
attacked=63
 1 2 2 1 1 1 1 0
 2 2 1 3 1 1 2 3
 1 2 1 1 1 1 1 1
 2 1 1 1 2 1 2 1
 1 1 1 1 2 2 2 1
 1 1 1 1 1 1 1 1
 2 1 3 3 1 1 1 3
 1 3 3 1 2 1 2 1
-figures-
 0 0 0 0 0 0 0 0
 0 0 2 0 0 0 0 0
 0 0 0 0 0 1 0 4
 0 0 0 0 0 4 0 0
 0 0 0 0 0 0 0 0
 0 0 0 0 0 1 0 0
 0 3 0 0 0 0 0 0
 3 0 0 0 0 0 0 0
---
attacked=63
 1 2 2 1 1 1 1 1
 3 2 1 3 2 1 1 2
 1 3 1 1 1 1 2 1
 2 1 2 1 2 1 1 1
 1 1 1 1 2 3 2 1
 1 1 1 1 1 0 1 1
 2 1 3 2 1 2 1 2
 1 3 3 1 1 1 2 1
-figures-
 0 0 0 0 0 0 0 0
 0 0 2 0 0 0 0 0
 0 0 0 0 0 1 1 0
 0 0 0 0 0 4 0 0
 0 0 0 0 0 0 0 0
 0 0 0 0 4 0 0 0
 0 3 0 0 0 0 0 0
 3 0 0 0 0 0 0 0
---
attacked=63
 1 2 2 1 1 1 1 1
 3 2 1 3 2 1 1 2
 1 3 1 1 1 1 1 1
 2 1 2 1 2 1 1 2
 1 1 1 1 1 3 2 1
 1 1 1 0 1 1 1 1
 2 1 2 2 2 2 1 2
 1 2 3 2 1 1 2 1
-figures-
 0 0 0 0 0 0 0 0
 0 0 2 0 0 0 0 0
 0 0 0 0 0 1 1 0
 0 0 0 0 0 0 0 0
 0 0 0 0 0 0 4 0
 0 0 0 0 4 0 0 0
 0 3 0 0 0 0 0 0
 3 0 0 0 0 0 0 0
---
attacked=63
 1 3 2 2 3 1 1 1
 2 2 2 1 1 2 1 1
 1 1 1 3 1 1 1 1
 1 2 1 2 1 2 2 1
 2 1 1 1 1 1 3 0
 1 1 1 1 2 1 2 1
 1 1 1 2 1 1 1 1
 2 1 1 4 1 2 1 1
-figures-
 3 0 0 0 0 0 0 0
 0 0 0 2 0 0 0 0
 0 0 0 0 0 0 0 0
 0 0 0 0 0 0 0 4
 0 0 0 0 1 4 0 0
 0 0 0 0 1 0 0 0
 0 0 0 0 0 0 0 0
 0 3 0 0 0 0 0 0
---
attacked=63
 1 3 2 2 3 1 1 1
 2 2 2 1 1 2 1 1
 1 1 1 3 1 1 1 0
 1 2 1 2 1 2 1 1
 2 1 1 1 1 1 3 1
 1 1 1 1 1 1 2 1
 1 1 1 2 1 2 1 1
 2 1 1 4 2 2 1 1
-figures-
 3 0 0 0 0 0 0 0
 0 0 0 2 0 0 0 0
 0 0 0 0 0 0 0 0
 0 0 0 0 0 0 0 4
 0 0 0 0 1 0 0 0
 0 0 0 0 1 0 4 0
 0 0 0 0 0 0 0 0
 0 3 0 0 0 0 0 0
---
attacked=63
 1 3 2 2 2 1 1 1
 2 2 2 1 1 1 1 1
 2 1 1 3 1 1 1 1
 1 3 1 1 1 2 2 0
 2 1 1 1 2 1 1 1
 1 1 1 2 1 1 2 1
 1 1 1 2 1 1 1 1
 2 2 2 1 1 2 1 1
-figures-
 3 0 0 0 0 0 0 0
 0 0 0 2 0 0 0 0
 0 0 0 0 0 0 0 0
 0 0 0 0 0 0 0 0
 0 0 0 0 1 4 0 1
 0 0 0 4 0 0 0 0
 0 0 0 0 0 0 0 0
 0 3 0 0 0 0 0 0
---
attacked=63
 1 3 2 2 2 1 1 1
 2 2 2 1 1 1 1 1
 2 1 1 3 1 1 1 1
 1 3 1 1 1 2 2 1
 2 1 1 1 1 1 2 1
 1 1 1 2 1 2 2 1
 1 1 0 3 1 1 1 1
 2 1 2 3 1 2 1 1
-figures-
 3 0 0 0 0 0 0 0
 0 0 0 2 0 0 0 0
 0 0 0 0 0 0 0 0
 0 0 0 0 0 0 0 0
 0 0 0 0 1 4 0 1
 0 0 0 0 0 0 0 0
 0 0 0 0 4 0 0 0
 0 3 0 0 0 0 0 0
---
attacked=63
 2 2 2 2 3 1 1 1
 2 2 2 1 1 2 1 1
 1 1 1 3 1 1 1 1
 1 2 1 2 1 2 2 1
 2 1 1 1 1 1 3 0
 1 1 1 1 2 1 2 1
 1 1 1 2 1 1 1 1
 1 2 1 4 1 2 1 1
-figures-
 0 3 0 0 0 0 0 0
 0 0 0 2 0 0 0 0
 0 0 0 0 0 0 0 0
 0 0 0 0 0 0 0 4
 0 0 0 0 1 4 0 0
 0 0 0 0 1 0 0 0
 0 0 0 0 0 0 0 0
 3 0 0 0 0 0 0 0
---
attacked=63
 2 2 2 2 3 1 1 1
 2 2 2 1 1 2 1 1
 1 1 1 3 1 1 1 0
 1 2 1 2 1 2 1 1
 2 1 1 1 1 1 3 1
 1 1 1 1 1 1 2 1
 1 1 1 2 1 2 1 1
 1 2 1 4 2 2 1 1
-figures-
 0 3 0 0 0 0 0 0
 0 0 0 2 0 0 0 0
 0 0 0 0 0 0 0 0
 0 0 0 0 0 0 0 4
 0 0 0 0 1 0 0 0
 0 0 0 0 1 0 4 0
 0 0 0 0 0 0 0 0
 3 0 0 0 0 0 0 0
---
attacked=63
 2 2 2 2 2 1 1 1
 2 2 2 1 1 1 1 1
 2 1 1 3 1 1 1 1
 1 3 1 1 1 2 2 0
 2 1 1 1 2 1 1 1
 1 1 1 2 1 1 2 1
 1 1 1 2 1 1 1 1
 1 3 2 1 1 2 1 1
-figures-
 0 3 0 0 0 0 0 0
 0 0 0 2 0 0 0 0
 0 0 0 0 0 0 0 0
 0 0 0 0 0 0 0 0
 0 0 0 0 1 4 0 1
 0 0 0 4 0 0 0 0
 0 0 0 0 0 0 0 0
 3 0 0 0 0 0 0 0
---
attacked=63
 2 2 2 2 2 1 1 1
 2 2 2 1 1 1 1 1
 2 1 1 3 1 1 1 1
 1 3 1 1 1 2 2 1
 2 1 1 1 1 1 2 1
 1 1 1 2 1 2 2 1
 1 1 0 3 1 1 1 1
 1 2 2 3 1 2 1 1
-figures-
 0 3 0 0 0 0 0 0
 0 0 0 2 0 0 0 0
 0 0 0 0 0 0 0 0
 0 0 0 0 0 0 0 0
 0 0 0 0 1 4 0 1
 0 0 0 0 0 0 0 0
 0 0 0 0 4 0 0 0
 3 0 0 0 0 0 0 0
---
attacked=63
 1 3 2 1 2 1 1 1
 2 2 3 2 2 1 2 1
 3 2 1 3 1 1 1 3
 1 3 1 1 1 1 2 1
 2 1 2 1 1 2 1 1
 1 1 1 1 2 2 2 1
 1 1 1 1 1 1 1 1
 1 1 2 1 0 1 1 1
-figures-
 3 0 0 0 0 0 0 0
 0 3 0 0 0 0 0 0
 0 0 2 0 0 0 0 0
 0 0 0 0 0 1 0 0
 0 0 0 0 0 4 0 0
 0 0 0 0 0 0 0 1
 0 0 0 0 4 0 0 0
 0 0 0 0 0 0 0 0
---
attacked=63
 1 2 3 1 2 1 1 1
 3 2 2 3 1 1 1 1
 2 3 1 1 2 1 1 2
 1 2 3 1 1 1 1 1
 2 2 1 1 1 2 1 0
 1 1 1 1 2 2 1 1
 1 2 1 2 1 2 1 1
 1 1 3 1 1 1 1 1
-figures-
 3 0 0 0 0 0 0 0
 0 3 0 0 0 0 0 0
 0 0 2 0 0 0 0 0
 0 0 0 0 0 0 0 0
 0 0 0 0 0 0 4 0
 0 0 0 1 4 0 0 0
 0 0 0 0 0 0 0 0
 0 0 0 0 0 1 0 0
---
attacked=63
 1 2 3 1 2 1 1 1
 3 2 2 3 1 1 1 1
 2 3 1 1 2 1 1 1
 1 2 3 1 1 1 0 1
 2 2 1 1 1 1 1 1
 1 1 1 1 2 2 2 1
 1 2 1 1 1 2 1 1
 1 1 2 1 2 1 1 1
-figures-
 3 0 0 0 0 0 0 0
 0 3 0 0 0 0 0 0
 0 0 2 0 0 0 0 0
 0 0 0 0 0 0 0 0
 0 0 0 0 0 0 4 0
 0 0 0 1 0 0 0 0
 0 0 0 0 0 4 0 0
 0 0 0 0 0 1 0 0
---
attacked=63
 1 3 2 1 2 1 1 1
 2 2 3 2 2 1 2 1
 3 2 1 3 1 1 1 2
 1 3 1 1 1 1 1 1
 2 1 2 1 1 2 1 2
 1 1 1 1 1 2 2 1
 1 1 1 0 1 2 1 1
 1 1 1 1 1 1 1 1
-figures-
 3 0 0 0 0 0 0 0
 0 3 0 0 0 0 0 0
 0 0 2 0 0 0 0 0
 0 0 0 0 0 1 0 0
 0 0 0 0 0 0 0 0
 0 0 0 0 0 0 4 1
 0 0 0 0 4 0 0 0
 0 0 0 0 0 0 0 0
---
attacked=63
 2 1 3 1 2 1 2 1
 3 2 2 3 1 1 1 1
 2 2 1 1 2 1 2 1
 1 1 3 1 1 1 1 1
 2 1 2 1 2 1 2 1
 1 1 1 1 1 3 1 1
 1 1 1 1 1 2 1 0
 1 1 2 1 2 1 1 1
-figures-
 3 0 0 0 0 0 0 0
 0 0 0 0 0 0 3 0
 0 0 2 0 0 0 0 0
 0 0 0 0 0 0 0 0
 0 0 0 0 0 0 4 0
 0 0 0 1 0 0 0 0
 0 0 0 1 0 4 0 0
 0 0 0 0 0 0 0 0
---
attacked=63
 2 1 3 1 2 1 1 2
 3 2 2 3 1 1 1 1
 2 2 1 1 2 1 1 3
 1 1 3 1 1 1 1 2
 2 1 2 1 2 2 1 1
 1 1 1 1 1 3 0 2
 1 1 1 2 1 2 1 1
 1 1 2 1 1 1 1 2
-figures-
 3 0 0 0 0 0 0 0
 0 0 0 0 0 0 0 3
 0 0 2 0 0 0 0 0
 0 0 0 0 0 0 0 0
 0 0 0 0 0 0 4 0
 0 0 0 1 4 0 0 0
 0 0 0 1 0 0 0 0
 0 0 0 0 0 0 0 0
---
attacked=63
 2 1 3 1 2 1 1 2
 3 2 2 3 1 1 1 1
 2 2 1 1 2 1 1 2
 1 1 3 1 1 1 0 2
 2 1 2 1 2 1 1 2
 1 1 1 1 1 3 1 2
 1 1 1 1 1 2 1 1
 1 1 2 1 2 1 1 2
-figures-
 3 0 0 0 0 0 0 0
 0 0 0 0 0 0 0 3
 0 0 2 0 0 0 0 0
 0 0 0 0 0 0 0 0
 0 0 0 0 0 0 4 0
 0 0 0 1 0 0 0 0
 0 0 0 1 0 4 0 0
 0 0 0 0 0 0 0 0
---
attacked=63
 2 1 2 1 2 1 1 2
 3 2 2 2 1 1 1 1
 2 2 1 1 1 1 1 3
 1 1 3 1 1 1 1 2
 3 1 1 1 2 2 0 1
 1 1 1 2 1 1 1 1
 1 1 2 1 1 2 1 1
 1 1 2 1 1 1 1 3
-figures-
 3 0 0 0 0 0 0 0
 0 0 0 0 0 0 0 3
 0 0 2 0 0 0 0 0
 0 0 0 0 0 0 0 0
 0 0 0 0 0 0 0 0
 0 0 0 1 4 0 1 0
 0 0 4 0 0 0 0 0
 0 0 0 0 0 0 0 0
---
attacked=63
 2 1 2 1 2 1 1 2
 3 2 2 2 1 1 1 1
 2 2 1 1 1 1 1 3
 1 1 3 1 1 1 1 3
 3 1 1 1 2 2 1 1
 1 1 1 1 1 2 1 1
 1 1 2 1 2 2 1 1
 1 0 3 1 1 1 1 3
-figures-
 3 0 0 0 0 0 0 0
 0 0 0 0 0 0 0 3
 0 0 2 0 0 0 0 0
 0 0 0 0 0 0 0 0
 0 0 0 0 0 0 0 0
 0 0 0 1 4 0 1 0
 0 0 0 0 0 0 0 0
 0 0 0 4 0 0 0 0
---
attacked=63
 2 3 2 1 2 1 1 1
 1 2 2 1 1 1 1 1
 3 2 1 3 2 1 1 2
 1 3 1 1 1 1 1 1
 2 1 2 1 2 1 1 2
 1 1 1 1 1 3 2 1
 2 1 2 1 2 1 1 1
 1 1 1 1 1 1 0 1
-figures-
 3 0 0 0 0 0 0 0
 0 0 0 0 0 0 0 0
 0 0 2 0 0 0 0 0
 0 0 0 0 0 1 1 0
 0 0 0 0 0 0 0 0
 0 0 0 0 0 0 4 0
 0 3 0 0 4 0 0 0
 0 0 0 0 0 0 0 0
---
attacked=63
 2 3 2 1 3 1 1 1
 1 2 2 1 1 1 1 1
 2 2 1 3 1 1 2 2
 1 2 1 1 1 2 1 1
 2 1 1 1 2 1 1 1
 1 1 1 1 2 1 2 1
 1 1 1 1 0 1 1 1
 2 1 3 2 1 1 1 3
-figures-
 3 0 0 0 0 0 0 0
 0 0 0 0 0 0 0 0
 0 0 2 0 0 0 4 0
 0 0 0 0 0 1 0 0
 0 0 0 0 0 4 0 0
 0 0 0 0 0 0 0 0
 0 0 0 0 0 1 0 0
 0 3 0 0 0 0 0 0
---
attacked=63
 2 3 2 1 3 1 1 1
 1 2 2 1 1 1 1 0
 2 2 1 3 1 1 2 3
 1 2 1 1 1 1 1 1
 2 1 1 1 2 1 2 1
 1 1 1 1 2 2 2 1
 1 1 1 1 1 1 1 1
 2 1 3 3 1 1 1 3
-figures-
 3 0 0 0 0 0 0 0
 0 0 0 0 0 0 0 0
 0 0 2 0 0 0 0 0
 0 0 0 0 0 1 0 4
 0 0 0 0 0 4 0 0
 0 0 0 0 0 0 0 0
 0 0 0 0 0 1 0 0
 0 3 0 0 0 0 0 0
---
attacked=63
 2 3 2 1 2 1 1 1
 1 2 2 1 1 1 1 1
 3 2 1 3 2 1 1 2
 1 3 1 1 1 1 2 1
 2 1 2 1 2 1 1 1
 1 1 1 1 2 3 2 1
 1 1 1 1 1 0 1 1
 2 1 3 2 1 2 1 2
-figures-
 3 0 0 0 0 0 0 0
 0 0 0 0 0 0 0 0
 0 0 2 0 0 0 0 0
 0 0 0 0 0 1 1 0
 0 0 0 0 0 4 0 0
 0 0 0 0 0 0 0 0
 0 0 0 0 4 0 0 0
 0 3 0 0 0 0 0 0
---
attacked=63
 2 3 2 1 2 1 1 1
 1 2 2 1 1 1 1 1
 3 2 1 3 2 1 1 2
 1 3 1 1 1 1 1 1
 2 1 2 1 2 1 1 2
 1 1 1 1 1 3 2 1
 1 1 1 0 1 1 1 1
 2 1 2 2 2 2 1 2
-figures-
 3 0 0 0 0 0 0 0
 0 0 0 0 0 0 0 0
 0 0 2 0 0 0 0 0
 0 0 0 0 0 1 1 0
 0 0 0 0 0 0 0 0
 0 0 0 0 0 0 4 0
 0 0 0 0 4 0 0 0
 0 3 0 0 0 0 0 0
---
attacked=63
 3 2 2 1 2 1 1 1
 1 3 3 2 2 1 2 1
 3 2 1 3 1 1 1 3
 1 3 1 1 1 1 2 1
 2 1 2 1 1 2 1 1
 1 1 1 1 2 2 2 1
 1 1 1 1 1 1 1 1
 1 1 2 1 0 1 1 1
-figures-
 0 3 0 0 0 0 0 0
 3 0 0 0 0 0 0 0
 0 0 2 0 0 0 0 0
 0 0 0 0 0 1 0 0
 0 0 0 0 0 4 0 0
 0 0 0 0 0 0 0 1
 0 0 0 0 4 0 0 0
 0 0 0 0 0 0 0 0
---
attacked=63
 3 1 3 1 2 1 1 1
 2 3 2 3 1 1 1 1
 2 3 1 1 2 1 1 2
 1 2 3 1 1 1 1 1
 2 2 1 1 1 2 1 0
 1 1 1 1 2 2 1 1
 1 2 1 2 1 2 1 1
 1 1 3 1 1 1 1 1
-figures-
 0 3 0 0 0 0 0 0
 3 0 0 0 0 0 0 0
 0 0 2 0 0 0 0 0
 0 0 0 0 0 0 0 0
 0 0 0 0 0 0 4 0
 0 0 0 1 4 0 0 0
 0 0 0 0 0 0 0 0
 0 0 0 0 0 1 0 0
---
attacked=63
 3 1 3 1 2 1 1 1
 2 3 2 3 1 1 1 1
 2 3 1 1 2 1 1 1
 1 2 3 1 1 1 0 1
 2 2 1 1 1 1 1 1
 1 1 1 1 2 2 2 1
 1 2 1 1 1 2 1 1
 1 1 2 1 2 1 1 1
-figures-
 0 3 0 0 0 0 0 0
 3 0 0 0 0 0 0 0
 0 0 2 0 0 0 0 0
 0 0 0 0 0 0 0 0
 0 0 0 0 0 0 4 0
 0 0 0 1 0 0 0 0
 0 0 0 0 0 4 0 0
 0 0 0 0 0 1 0 0
---
attacked=63
 3 2 2 1 2 1 1 1
 1 3 3 2 2 1 2 1
 3 2 1 3 1 1 1 2
 1 3 1 1 1 1 1 1
 2 1 2 1 1 2 1 2
 1 1 1 1 1 2 2 1
 1 1 1 0 1 2 1 1
 1 1 1 1 1 1 1 1
-figures-
 0 3 0 0 0 0 0 0
 3 0 0 0 0 0 0 0
 0 0 2 0 0 0 0 0
 0 0 0 0 0 1 0 0
 0 0 0 0 0 0 0 0
 0 0 0 0 0 0 4 1
 0 0 0 0 4 0 0 0
 0 0 0 0 0 0 0 0
---
attacked=63
 3 2 2 1 2 1 1 1
 1 2 2 1 1 1 1 1
 3 2 1 3 2 1 1 2
 1 3 1 1 1 1 1 1
 2 1 2 1 2 1 1 2
 1 1 1 1 1 3 2 1
 1 2 2 1 2 1 1 1
 1 1 1 1 1 1 0 1
-figures-
 0 3 0 0 0 0 0 0
 0 0 0 0 0 0 0 0
 0 0 2 0 0 0 0 0
 0 0 0 0 0 1 1 0
 0 0 0 0 0 0 0 0
 0 0 0 0 0 0 4 0
 3 0 0 0 4 0 0 0
 0 0 0 0 0 0 0 0
---
attacked=63
 3 2 2 1 3 1 1 1
 1 2 2 1 1 1 1 1
 2 2 1 3 1 1 2 2
 1 2 1 1 1 2 1 1
 2 1 1 1 2 1 1 1
 1 1 1 1 2 1 2 1
 1 1 1 1 0 1 1 1
 1 2 3 2 1 1 1 3
-figures-
 0 3 0 0 0 0 0 0
 0 0 0 0 0 0 0 0
 0 0 2 0 0 0 4 0
 0 0 0 0 0 1 0 0
 0 0 0 0 0 4 0 0
 0 0 0 0 0 0 0 0
 0 0 0 0 0 1 0 0
 3 0 0 0 0 0 0 0
---
attacked=63
 3 2 2 1 3 1 1 1
 1 2 2 1 1 1 1 0
 2 2 1 3 1 1 2 3
 1 2 1 1 1 1 1 1
 2 1 1 1 2 1 2 1
 1 1 1 1 2 2 2 1
 1 1 1 1 1 1 1 1
 1 2 3 3 1 1 1 3
-figures-
 0 3 0 0 0 0 0 0
 0 0 0 0 0 0 0 0
 0 0 2 0 0 0 0 0
 0 0 0 0 0 1 0 4
 0 0 0 0 0 4 0 0
 0 0 0 0 0 0 0 0
 0 0 0 0 0 1 0 0
 3 0 0 0 0 0 0 0
---
attacked=63
 3 2 2 1 2 1 1 1
 1 2 2 1 1 1 1 1
 3 2 1 3 2 1 1 2
 1 3 1 1 1 1 2 1
 2 1 2 1 2 1 1 1
 1 1 1 1 2 3 2 1
 1 1 1 1 1 0 1 1
 1 2 3 2 1 2 1 2
-figures-
 0 3 0 0 0 0 0 0
 0 0 0 0 0 0 0 0
 0 0 2 0 0 0 0 0
 0 0 0 0 0 1 1 0
 0 0 0 0 0 4 0 0
 0 0 0 0 0 0 0 0
 0 0 0 0 4 0 0 0
 3 0 0 0 0 0 0 0
---
attacked=63
 3 2 2 1 2 1 1 1
 1 2 2 1 1 1 1 1
 3 2 1 3 2 1 1 2
 1 3 1 1 1 1 1 1
 2 1 2 1 2 1 1 2
 1 1 1 1 1 3 2 1
 1 1 1 0 1 1 1 1
 1 2 2 2 2 2 1 2
-figures-
 0 3 0 0 0 0 0 0
 0 0 0 0 0 0 0 0
 0 0 2 0 0 0 0 0
 0 0 0 0 0 1 1 0
 0 0 0 0 0 0 0 0
 0 0 0 0 0 0 4 0
 0 0 0 0 4 0 0 0
 3 0 0 0 0 0 0 0
---
attacked=63
 3 1 3 1 2 1 1 1
 2 2 2 3 1 1 2 1
 2 2 1 1 2 1 2 1
 1 1 3 1 1 1 1 1
 2 1 2 1 2 1 2 1
 1 1 1 1 1 3 1 1
 1 1 1 1 1 2 1 0
 1 1 2 1 2 1 1 1
-figures-
 0 0 0 0 0 0 3 0
 3 0 0 0 0 0 0 0
 0 0 2 0 0 0 0 0
 0 0 0 0 0 0 0 0
 0 0 0 0 0 0 4 0
 0 0 0 1 0 0 0 0
 0 0 0 1 0 4 0 0
 0 0 0 0 0 0 0 0
---
attacked=63
 3 1 3 1 2 1 1 1
 2 2 2 3 1 1 1 2
 2 2 1 1 2 1 1 3
 1 1 3 1 1 1 1 2
 2 1 2 1 2 2 1 1
 1 1 1 1 1 3 0 2
 1 1 1 2 1 2 1 1
 1 1 2 1 1 1 1 2
-figures-
 0 0 0 0 0 0 0 3
 3 0 0 0 0 0 0 0
 0 0 2 0 0 0 0 0
 0 0 0 0 0 0 0 0
 0 0 0 0 0 0 4 0
 0 0 0 1 4 0 0 0
 0 0 0 1 0 0 0 0
 0 0 0 0 0 0 0 0
---
attacked=63
 3 1 3 1 2 1 1 1
 2 2 2 3 1 1 1 2
 2 2 1 1 2 1 1 2
 1 1 3 1 1 1 0 2
 2 1 2 1 2 1 1 2
 1 1 1 1 1 3 1 2
 1 1 1 1 1 2 1 1
 1 1 2 1 2 1 1 2
-figures-
 0 0 0 0 0 0 0 3
 3 0 0 0 0 0 0 0
 0 0 2 0 0 0 0 0
 0 0 0 0 0 0 0 0
 0 0 0 0 0 0 4 0
 0 0 0 1 0 0 0 0
 0 0 0 1 0 4 0 0
 0 0 0 0 0 0 0 0
---
attacked=63
 3 1 2 1 2 1 1 1
 2 2 2 2 1 1 1 2
 2 2 1 1 1 1 1 3
 1 1 3 1 1 1 1 2
 3 1 1 1 2 2 0 1
 1 1 1 2 1 1 1 1
 1 1 2 1 1 2 1 1
 1 1 2 1 1 1 1 3
-figures-
 0 0 0 0 0 0 0 3
 3 0 0 0 0 0 0 0
 0 0 2 0 0 0 0 0
 0 0 0 0 0 0 0 0
 0 0 0 0 0 0 0 0
 0 0 0 1 4 0 1 0
 0 0 4 0 0 0 0 0
 0 0 0 0 0 0 0 0
---
attacked=63
 3 1 2 1 2 1 1 1
 2 2 2 2 1 1 1 2
 2 2 1 1 1 1 1 3
 1 1 3 1 1 1 1 3
 3 1 1 1 2 2 1 1
 1 1 1 1 1 2 1 1
 1 1 2 1 2 2 1 1
 1 0 3 1 1 1 1 3
-figures-
 0 0 0 0 0 0 0 3
 3 0 0 0 0 0 0 0
 0 0 2 0 0 0 0 0
 0 0 0 0 0 0 0 0
 0 0 0 0 0 0 0 0
 0 0 0 1 4 0 1 0
 0 0 0 0 0 0 0 0
 0 0 0 4 0 0 0 0
---
attacked=63
 1 3 1 3 1 2 1 1
 2 2 2 2 3 1 1 1
 2 2 2 1 1 2 1 1
 1 1 1 3 1 1 1 1
 1 2 1 2 1 2 2 1
 2 1 1 1 1 1 3 0
 1 1 1 1 2 1 2 1
 1 1 1 2 1 1 1 1
-figures-
 3 0 0 0 0 0 0 0
 0 3 0 0 0 0 0 0
 0 0 0 2 0 0 0 0
 0 0 0 0 0 0 0 0
 0 0 0 0 0 0 0 4
 0 0 0 0 1 4 0 0
 0 0 0 0 1 0 0 0
 0 0 0 0 0 0 0 0
---
attacked=63
 1 3 1 3 1 2 1 1
 2 2 2 2 3 1 1 1
 2 2 2 1 1 2 1 1
 1 1 1 3 1 1 1 0
 1 2 1 2 1 2 1 1
 2 1 1 1 1 1 3 1
 1 1 1 1 1 1 2 1
 1 1 1 2 1 2 1 1
-figures-
 3 0 0 0 0 0 0 0
 0 3 0 0 0 0 0 0
 0 0 0 2 0 0 0 0
 0 0 0 0 0 0 0 0
 0 0 0 0 0 0 0 4
 0 0 0 0 1 0 0 0
 0 0 0 0 1 0 4 0
 0 0 0 0 0 0 0 0
---
attacked=63
 1 3 1 2 1 2 1 1
 2 2 2 2 2 1 1 1
 2 2 2 1 1 1 1 1
 2 1 1 3 1 1 1 1
 1 3 1 1 1 2 2 0
 2 1 1 1 2 1 1 1
 1 1 1 2 1 1 2 1
 1 1 1 2 1 1 1 1
-figures-
 3 0 0 0 0 0 0 0
 0 3 0 0 0 0 0 0
 0 0 0 2 0 0 0 0
 0 0 0 0 0 0 0 0
 0 0 0 0 0 0 0 0
 0 0 0 0 1 4 0 1
 0 0 0 4 0 0 0 0
 0 0 0 0 0 0 0 0
---
attacked=63
 1 3 1 2 1 2 1 1
 2 2 2 2 2 1 1 1
 2 2 2 1 1 1 1 1
 2 1 1 3 1 1 1 1
 1 3 1 1 1 2 2 1
 2 1 1 1 1 1 2 1
 1 1 1 2 1 2 2 1
 1 1 0 3 1 1 1 1
-figures-
 3 0 0 0 0 0 0 0
 0 3 0 0 0 0 0 0
 0 0 0 2 0 0 0 0
 0 0 0 0 0 0 0 0
 0 0 0 0 0 0 0 0
 0 0 0 0 1 4 0 1
 0 0 0 0 0 0 0 0
 0 0 0 0 4 0 0 0
---
attacked=63
 3 2 1 3 1 2 1 1
 1 3 2 2 3 1 1 1
 2 2 2 1 1 2 1 1
 1 1 1 3 1 1 1 1
 1 2 1 2 1 2 2 1
 2 1 1 1 1 1 3 0
 1 1 1 1 2 1 2 1
 1 1 1 2 1 1 1 1
-figures-
 0 3 0 0 0 0 0 0
 3 0 0 0 0 0 0 0
 0 0 0 2 0 0 0 0
 0 0 0 0 0 0 0 0
 0 0 0 0 0 0 0 4
 0 0 0 0 1 4 0 0
 0 0 0 0 1 0 0 0
 0 0 0 0 0 0 0 0
---
attacked=63
 3 2 1 3 1 2 1 1
 1 3 2 2 3 1 1 1
 2 2 2 1 1 2 1 1
 1 1 1 3 1 1 1 0
 1 2 1 2 1 2 1 1
 2 1 1 1 1 1 3 1
 1 1 1 1 1 1 2 1
 1 1 1 2 1 2 1 1
-figures-
 0 3 0 0 0 0 0 0
 3 0 0 0 0 0 0 0
 0 0 0 2 0 0 0 0
 0 0 0 0 0 0 0 0
 0 0 0 0 0 0 0 4
 0 0 0 0 1 0 0 0
 0 0 0 0 1 0 4 0
 0 0 0 0 0 0 0 0
---
attacked=63
 3 2 1 2 1 2 1 1
 1 3 2 2 2 1 1 1
 2 2 2 1 1 1 1 1
 2 1 1 3 1 1 1 1
 1 3 1 1 1 2 2 0
 2 1 1 1 2 1 1 1
 1 1 1 2 1 1 2 1
 1 1 1 2 1 1 1 1
-figures-
 0 3 0 0 0 0 0 0
 3 0 0 0 0 0 0 0
 0 0 0 2 0 0 0 0
 0 0 0 0 0 0 0 0
 0 0 0 0 0 0 0 0
 0 0 0 0 1 4 0 1
 0 0 0 4 0 0 0 0
 0 0 0 0 0 0 0 0
---
attacked=63
 3 2 1 2 1 2 1 1
 1 3 2 2 2 1 1 1
 2 2 2 1 1 1 1 1
 2 1 1 3 1 1 1 1
 1 3 1 1 1 2 2 1
 2 1 1 1 1 1 2 1
 1 1 1 2 1 2 2 1
 1 1 0 3 1 1 1 1
-figures-
 0 3 0 0 0 0 0 0
 3 0 0 0 0 0 0 0
 0 0 0 2 0 0 0 0
 0 0 0 0 0 0 0 0
 0 0 0 0 0 0 0 0
 0 0 0 0 1 4 0 1
 0 0 0 0 0 0 0 0
 0 0 0 0 4 0 0 0
