#Wed Mar 02 01:54:17 MSK 2005
width=8
filter=\ 0 0 0 0 0 0 0 0 0 0 0 0 0 0 0 0 0 0 0 1 1 0 0 0 0 0 1 1 1 1 0 0 0 1 1 1 1 1 1 0 0 1 1 1 1 1 1 0 0 0 1 1 1 1 0 0 0 0 0 1 1 0 0 0 0 0 0 0 0 0 0 0 0 0 0 0 0 0 0 0
vNumbers=\ 0 0 0 0 0 0 0 0 0 1 0 0 0 1 0 0 0 0 0 0 1 0 0 1 0 1 1 1 0 1 1 0 1 1 0 0 1 1 0 1 1 0 1 0 0 0 0 0 1 0 1 0 1 1 1 0 1 0 0 0 0 0 0 0 0 0 0 0 0 0 0 0
vNumbersSet=\ 0 1 1 1 1 1 1 0
vSuitsSet=\ 0 1 1 1 1 1 1 0
hSuitsSet=\ 0 0 1 1 1 1 1 1 0 0
hSuits=\ 0 0 0 0 0 0 0 0 1 0 1 0 0 1 1 1 1 1 1 0 0 1 1 1 1 1 1 0 0 1 0 1 0 0 0 0 0 0 0 0
hasProblem=true
hNumbers=\ 0 0 0 0 0 0 0 0 0 0 0 0 0 0 0 0 0 0 0 0 1 0 0 0 1 0 0 0 0 0 0 0 0 0 0 0 1 0 1 0 1 1 0 1 0 0 1 1 1 1 1 0 1 0 1 0 0 1 0 1 1 0 0 0 0 1 0 1 0 0 0 0 0 0 0 0 0 0 0 0 0 0 0 0 0 0 0 0 0 0
vSuits=\ 0 0 0 0 1 0 0 1 0 1 1 0 1 0 0 1 0 1 1 0 1 0 0 1 0 1 1 0 0 0 0 0
hNumbersSet=\ 0 0 1 0 1 1 1 1 0 0
height=10
